318 3 3 T62

1136336247
91483925
1408169914
1956516131
1756066569
1580329681
1236233239
358668992
1009384074
225675929
2093637947
1019437531
1574810564
1662882747
1889310558
886398741
270206875
919201769
861374319
49944212
702571281
1768870821
1466531828
1220452639
1353357694
1523611147
940429637
683331045
488946426
94826836
1589397486
451991884
1895315360
21399621
644927791
1294636910
366879467
693494534
1384707150
909438773
1664058008
1447437590
1865432031
1308590183
1898998873
215769225
2096923504
1604985218
485022342
1630335317
272398023
1752190363
733508346
2089352141
1409747762
1272645328
1579285172
1637650411
495921689
513722525
1227956188
368408726
864325712
857611672
867419182
2136148896
1927782324
1659178929
317575213
238287445
1990504583
271153574
2034690961
13689396
1402716705
2022070089
708525235
925312711
687219538
291786902
1588200725
1622416388
1352879058
485077995
216164017
1997956360
2109264127
73716391
1222843491
1565985745
1247294209
929409511
305505841
1334319368
1136855147
2022321738
1927557738
392551508
1888685204
2068967467
2096712478
1897380823
296638582
1984313192
430367451
316441720
1292134682
967430270
1028131201
1121837190
547924596
1400089502
1183945965
426790724
1011686578
2045581374
678847035
474418669
651557237
201940209
1283913438
1840675054
583401166
1064910808
550357832
83184577
2069600841
851244956
1904800066
1031924065
282219390
418638092
124701920
1347764128
113885601
840755826
292085807
550260757
1733105930
129573993
1289169947
91617607
311295018
151440803
1665768568
1470386109
901385485
1101442221
1693647412
402501190
1317583243
67584216
452247786
1218521489
149351209
1890136180
1514170856
917321729
88713276
1139414022
1862693949
473516641
366314394
787721740
1328402622
1451535374
1710053155
549610623
1654028152
953237196
699571521
1369157110
40653150
1891458804
2059278823
257097370
2132075231
909042370
347026924
1405058742
2039450220
1255018422
644674153
1162795448
1597544210
1452158332
578624018
337350678
1316701262
966913306
136448168
136271986
1750926891
272256495
1457143947
802818017
2079951662
931123654
1105952785
915338218
943829659
1403184842
1281407242
939728712
52639645
1615143451
1773995010
405789546
2016163407
1084662221
642382720
324728694
1372092714
1616909401
714618338
1152358754
2055733805
581501752
1614625995
1731617197
398052189
1711234288
984472554
216839954
1100243861
1436841106
1598887028
1360382104
1221429338
1192290197
1068466642
1972465517
1336244083
402380847
903718295
2009446386
1730365246
887863289
1298147554
655783115
1756541765
1892438242
169390828
1200754745
162301087
1061852075
824127928
397426286
878831198
871164210
366524620
999271526
117909213
921973409
1037111203
994823257
75075315
1119571645
1079616418
1955022753
546441669
238856356
620439073
2131681440
60674679
40115305
2146544406
2039530605
1053617758
1664373917
471041338
1110031635
1885782853
447533801
1366386949
187843131
1783128557
1368807358
2118359752
1800258678
2026840166
569028612
1863157166
1408657534
211174101
173238681
1225305674
226861439
2084712154
1592161722
151809311
937395728
746579805
219320929
703928753
890219185
399735524
589664492
1304903547
210655102
1912167611
965098085
1674801625
378588173
652849481
779127336
493537341
42663548
1593225838
171122461
597089391
1979649599
1957896503
172910034
1388707850
1979020607
1007095484
1667820709
1197013653
1021259106
616092302
1988220941
860838359
448701432
1867104876
91332573
653496116
688586557
2010384254
1937493203
1267423249
87512968
743590440
2086156649
386999745
513325426
835781656
1193806141
1865183234
1266481022
1343907059
1577501269
1128862603
913766091
763201298
43539047
2035031905
1211024800
1559154350
459862292
1441385457
611885217
743232385
203108467
567694049
1346331198
709558652
2104609356
2094102827
163650924
1994545328
828182000
1521879281
341001358
1186462782
167780879
2025238967
1188553713
72485651
1395223189
838469933
348625174
1702174565
148263593
1367184320
59015009
39020222
1045230050
1491094145
1067447701
1178004072
631666928
322248551
1958945119
6992705
1922607698
73464140
1136882705
1389717783
1812549107
170959460
1304546037
629202347
1782253885
1316880187
1351010025
1686024406
204371533
1401658245
1226423541
442873710
1895049742
1758319405
1318467238
123451268
1376140530
1975714075
292370389
803411356
779070468
2127252616
1616546057
1687835476
489711084
331659474
1120548522
147273225
1335824494
1116099536
2107367513
1626641545
70635956
1270425365
1944468499
1884992019
1006603053
2105594878
871293506
958224130
572813937
1536865383
273456987
704246798
1353521321
330050815
1300177328
1875041278
1645506112
1743592226
1415349806
775742775
675949874
841387549
1778739973
1868086882
1724445569
508073593
1886865362
1227628527
107668288
54861442
1738357847
268915726
811085031
641345174
282383837
227715105
499493390
230272068
1824257877
580183762
1747798365
1690852770
12861263
1764997182
1768036018
2101524835
1306434928
1001721124
1908467812
1403229144
1204585192
649426017
2004829781
1500635951
721027531
1459485045
2094614878
782255445
629902869
2147232272
511803038
113134119
74984803
1467294254
1639819610
1646003657
1998463685
711868115
1623402652
175824579
1912936647
573631044
866498606
564896159
453416608
1581655801
676277022
2103430797
1535983816
1914472597
2006077416
597021143
2039939878
1728641394
990828442
1205468896
759327880
1369779879
587375328
1350188659
906530601
988907881
496298567
214041033
1525089320
1076512653
701679429
617967753
372022473
1003698955
168237519
1911861467
275045551
1284568463
2032434264
830009800
435373518
1510121746
429143620
1659309862
1748975828
126635000
1523596705
1204940018
1582975137
825896211
1629150977
1087030503
1379700689
1262371034
356128088
1846298411
496629301
92247180
1734234913
177077047
1664805499
698979302
797853108
1583710429
1857542891
303445660
297038808
2098922039
570957926
493255136
1694121687
1412097091
503059646
1091299942
1702359339
225278553
1010121656
63721243
1220198584
2119461769
514147708
6399468
1682286425
1669291966
1252176046
2143285490
223040056
2025041362
355279104
867703406
683164513
2113110852
1877073432
764036598
1568155697
1153449271
492494587
988808694
999536453
353266427
2083207896
1987967472
1304808091
1082965127
955077992
1825441470
1103677864
921350207
1434819973
2105622198
2002006208
283446668
684448168
277343557
1459632488
687332641
1465999877
906814386
1545673662
1038577459
151806931
1368395940
353702117
2030248925
1864250309
919254366
329710132
40826366
1094415368
406845448
2134156122
2114952423
177357343
2147387959
555306528
1067562826
1317836057
570881006
548230114
435323031
908213028
112134596
555622241
2100346668
368897929
1457913139
806061
2140958550
1630768214
1135770145
456868927
2074159899
538451503
1799401453
1883805529
516110641
132225019
58499433
1078410518
995716629
1075667548
1944301784
1621265194
812461838
1198629353
1548889067
616333703
1264727042
156904014
1815195849
1877243960
907512187
1511812610
1359986139
743604387
1041673610
1785095693
1598097878
510759229
1125465224
526118774
1158950916
924745117
195278969
2017194700
711172618
1327635786
235938973
3685504
1287071146
961032106
1312535080
798913205
1645626568
1881336991
543516419
865064654
978739017
1077391327
1943514546
855945109
1366260265
1907897989
1627474769
438599239
1702955885
1715204521
912980080
482503741
1071945463
88709402
1309837815
1577782193
552895501
1532957610
2094959040
593763338
1456962479
1083252745
30565968
776448544
941865221
1482667599
252648652
151682515
1531920403
306588942
1624856097
1254703082
1902048366
598457595
1781367672
1089800200
440821082
843533707
412677178
1080042782
1027429412
1308633031
1787793129
2140209385
156019760
2050283536
551977454
2031406668
982223137
277645463
1117648630
162013324
1791317100
1726299556
1350153481
361113032
1331070809
708003570
698288891
1617574211
394598224
930028751
485769746
684490000
2072076945
293269947
567743798
977123720
191734588
665110959
794736643
1494559962
1667032008
732402227
26648197
1959092349
262802913
1326649988
302680288
438422339
1536680093
1775698303
1605617854
2139678645
1040612147
887899534
1904353251
1956782973
706303675
1944691777
1501327099
943972194
1251237864
136350588
552689242
799000668
1427894812
2047971956
533202004
1971209970
1352220902
274170077
926633613
1814678840
483293452
1187667396
1928897184
624380340
17583413
