39 -1 1 4

447939040
305246768
28790048
963232618
939628018
540194962
661950603
1891765611
1914892641
1139335004
424718937
1714757878
803507267
295545721
399356239
1365160724
1518683401
1620411805
1114283816
39789871
1861888844
2074038412
1735552213
1245592284
560198725
618255869
452131719
1718021336
1137000538
1841188747
1885450847
1875029701
235169435
1705800708
2032158580
812122607
1159776943
1867672926
1573431816
1052712702
1797037966
817823860
1155860664
305455626
1997640405
682593850
162711284
371952121
520879252
1572836631
628781308
1938643922
749585698
1331219693
1515039132
1217267266
335994868
1393342318
104694438
1908159208
2000606231
1417780634
1938659967
648004662
197011890
1636840720
1240235413
485055895
511107401
738121971
1168003381
763608073
1842851252
698989865
683098013
302038407
924998209
1638432007
636814737
1067618232
1138705462
1645231294
1117219307
979409339
138691137
363385799
986073195
41891720
113673967
327113085
436544481
2094362297
953309149
1186687339
421742105
148833251
1690238681
1359872025
1322006967
1098486259
1520783173
762361076
590831425
774598076
1355666837
1961743921
2135662331
1513311406
1307672238
656688953
101188580
675957453
315380264
1347985124
226752574
241041052
78278942
2140401119
520529917
1046934346
2079605038
1823472152
60444333
1319579502
1306798691
2009571182
1108405157
68385285
452634960
251773085
418873905
957582288
2126770879
1398660941
1537027625
2124165636
866857827
49893484
813329719
723445416
865666623
1725799911
1275380379
1589870852
706234669
1056298526
936975859
2084874949
632489088
1231111532
960120294
740123436
268859320
1743234148
385831222
1262924985
1077950320
1775237202
1491966230
6675086
1051575954
879132209
1127232609
1613224461
896161942
2029299800
627213385
1439159721
552498898
1052004501
1776137484
57112275
545042770
515627145
2117239873
1851334845
258819550
964791125
2069619519
1099690263
61506253
593197382
152665225
501721849
1110668618
812966996
194845828
1741133262
637379808
2143684779
361392853
223526036
914324901
771789781
1981471455
976730689
291358584
874961771
2048988984
605089509
1976811504
1476531754
1329897693
297832168
1379293892
720635711
1411249822
2017012131
415542058
1594803541
153509088
1567213062
1203722011
468963545
249977151
691284976
341329324
1275728808
691456718
719474938
363198670
462771615
727342742
1455638396
1110547698
2108982511
295575535
281927362
1036469065
1329149984
1188441850
264441002
1229420738
1468357845
1201248909
396539089
51749835
555050187
1021780968
1572304862
1268704041
1280928943
2067904247
1756671836
1506514620
802277069
1741657232
577037744
2062590622
652170399
122101115
1865961003
101042539
1179947808
614137787
1702336122
413270834
1596514237
1329011583
957343810
1171658118
619233850
1141497132
2121236448
136001737
1670048994
1869016655
1027801020
488792100
414806274
912226399
15372266
2059010398
775348500
921184420
2001818674
278058057
523507883
144905493
160708023
1033938958
264414577
84449819
271747603
450046232
1878533183
2133898470
2130433543
1289067552
1627751782
1122585078
1334108869
688502039
1360613460
990409535
2144945008
1468894040
600787419
1289203432
692214440
984123596
1299682478
1430168915
77471970
330903876
396450684
840722590
1715077353
85281500
1371881234
1222920046
929920105
106803621
1482368197
876335765
1658415877
2034349710
1216066402
551436361
543865950
2066513687
824780145
1178115459
1790808615
1503238722
587646537
554040496
533950147
1763940942
1638188154
346848805
988082008
528812662
790567888
169816339
1065275997
493116665
2130727880
647671883
474963085
1458961178
1652347859
1831223293
1331495762
727551586
1036391125
1346121195
1138735484
60651270
1475539936
174047253
844124904
1711375557
241794835
1874454252
1482898198
748758318
1280225873
219069795
1201868208
634233944
1523830389
1927287157
711775633
1261977396
383216239
1424493996
1947126346
2087720375
476464772
1650495969
568236467
897342169
1984435940
554440696
423123836
1624880459
908490950
259659920
1029095579
23301480
1214879792
111256066
1800860355
495262328
854861406
1250583226
1803966780
1586117959
1581773769
1833841935
1653846360
415992065
1536311956
1500436856
1109320532
1449116286
2043525703
1754040890
2055352687
1911273601
597495357
1811689546
755775756
968271309
1299603807
253572484
257735227
2023718735
1436056905
779118245
1069489001
476009287
1774302044
2044337321
1087104846
303343818
2130020768
1789892070
2015410495
1255561588
1548395845
975924695
1740903823
2005234705
1123321
203898549
900388191
1187546129
459710100
1150517505
444346218
1484417745
1234205541
1876986152
140033388
444041213
1962342962
1800085933
1808744968
1974126703
1892940235
86912801
113060454
1768264002
1411435184
1288500431
909063213
1743685835
1229094245
1636296884
1099114257
873745066
947240912
1301753532
1445148107
1161033396
2078038651
1745946215
1016375646
1203090201
439098282
1371295948
822491027
742654340
986898439
1006910385
1879217360
5355002
1442999607
1515976903
370154342
1307599347
680523774
1348755056
1400350464
2100763993
1583705912
1196911361
981015498
1633047703
378330310
2004013266
1807748022
545265288
64269747
1486762066
843781559
1233698978
1324693837
1649505272
992041490
1317671719
664882995
1576380769
1508062362
451473936
210565595
2009087398
755408239
2000133105
913191824
943956934
1453572849
1982572572
1709945309
1238788437
1051698869
1693835129
553250584
1194897708
79659130
178519521
515824393
2089877122
607190772
683238663
1913459817
941966314
2074710414
1535791669
491655976
992357467
1291256592
64855716
1418330898
1867835675
1070832507
870085485
1315257968
1993316939
569060223
393015843
504243461
1430099136
1664377583
1870386148
1212551432
1502401424
1097247732
638014716
1166861726
1927717534
2055871292
303109835
1424308344
2146057789
2067900605
772692887
337790081
842343483
710329743
190204608
967946851
1664511702
747971883
1316576006
760944553
1604887295
289392112
1374105183
1099620407
21995313
798782494
1201558967
535624495
157286450
1125323176
143510525
1577798361
599131919
924652313
435094444
588561170
441529985
1747876435
1342414514
1087692006
578222188
1078859562
1008763964
2016464507
436165492
1268457421
2114037591
1697403819
1567656065
240643550
1002181802
1080864404
1055924755
552801070
732325228
529502513
682966582
1060974739
1908100213
701681738
867734848
722087806
1316856635
1374874071
1181463891
1181521253
1318264246
1836629159
1543222921
257620857
1281854810
737062590
666194136
782186162
1894564093
1464714508
2023707706
672518528
1165423702
26106943
1085598087
1194280452
1936797983
949341212
40038723
592921352
81857515
491487397
630249051
730295868
1343984692
1379731736
1458425289
571232617
1275269556
