38 -1 1 7

1942253336
1520044863
64677962
532942591
352380578
1765339511
1066249013
813477300
1473663618
826689766
353879955
587159001
1183960112
1999553482
1711442598
306605884
1278799483
524399819
884983568
1962990107
1275998443
338354252
1674502231
832059999
1269878158
1168255832
1050053850
951251577
350087900
1856062352
412672304
1599564960
207568721
247814060
15398902
1997226667
550971286
37728128
246950167
452606602
1708836686
31296362
1749133376
850244148
1032113441
1743316035
1221698294
283673827
76168212
1466175383
509217851
1324603666
2055030105
1312530672
1466802021
840558807
1802849334
979221556
731510722
2141455719
1089336656
248295689
736863571
734349547
424982364
1914674372
1868655284
1487453149
197417435
1118712833
1305400850
78861362
1186669830
1811516631
343616570
1886129382
2146095297
195007830
215797119
1016485335
852484801
1329601941
1242622248
1950656384
85724000
1454141607
1898832474
928661353
1811170280
842464221
834564416
745646228
981661716
189480119
1640481072
805904245
1549609122
374521489
182616078
1606802128
1168319043
479779379
1880328506
870792521
569339889
1896600325
634450335
1204609560
386755049
1385239793
2009792
757085803
460970127
1148854444
978678139
858648574
1985414281
1217110345
1871807085
156345750
1659474622
1398125395
222423797
118469394
1241021148
2067639034
359680863
201207808
1883776452
994623883
948150340
1607465885
1934200329
1365202482
2102676840
1737445583
383021888
757006771
1612456676
1601557259
1971261524
1984752476
383423562
343324086
1399711918
1368106936
1624167990
1857280797
1259042826
788202569
1568827055
820724746
1972041561
252302674
304031449
21416434
429296595
1144218868
1986862334
815334405
246855413
586838486
921304260
1831246568
1041165763
1424853313
505192125
1227957536
1931274388
1564641102
912238412
1748870124
249069620
6077685
89915340
916192463
261551272
411361462
126303159
1692121760
396828030
1311704680
1342097170
1827682531
1254859901
8687946
1283726840
460861692
2055293682
696780094
620377539
544440895
949919946
1537441890
798542682
656569482
1015637757
455982908
1562461428
513189714
1470328426
1085667176
2013789890
1429532459
220887287
1737315067
1753513095
1850130670
1709084945
1436684304
597016010
832388396
1221454781
813929606
1818893390
1846206565
1360322605
921802094
220881620
1056876964
1044106269
1608528411
344121512
245463336
2064676904
1595375131
12375871
151931348
1901928277
94598008
174675932
1401817072
1067897590
283526267
273817304
1060582879
1013339366
802604595
188164686
1551086221
1017161004
699529944
525018464
1812344512
115024637
324891641
1478567586
1945415080
691927337
629289325
1541339829
777800511
971826739
1426135223
67093697
1793254470
301224622
1984754929
395771998
821933775
853603580
1675709664
866415338
2127096660
659336212
1231045706
1980401559
1959062805
1458129154
851571315
423361296
801896445
1270864654
1505151716
941177094
1004851003
58454103
1794685227
491889373
889116078
904050704
2053355230
787888518
1200619315
2107504412
656783734
1044162598
1227785429
2071112903
1102408732
1025700977
478563891
887406949
231750849
948313053
1686876037
1128792163
378697869
1685674732
1140861676
825763836
1343257373
241950751
1216901654
395963267
454368828
1204054206
795529833
1113212939
780357498
1307942385
870688117
537239527
1010984741
1196731174
926459488
1569018334
1557430271
226353768
1539873025
1704499134
402552916
2117562348
205478357
1012475486
1974337589
1663154683
238261243
2090386025
861637234
503967444
1556277286
1854571574
1327605675
505384453
1517577980
1102990719
1715065813
139443051
1884843741
1036713404
1814860696
864165129
568465517
800075111
1123037279
344730705
151562667
1223312400
1943918622
949656401
299236436
1522001121
1172825120
1946891181
1652414941
1573715239
1941986647
1605179735
1272710650
1157443335
1557142872
888977175
441747277
1776748002
1438076027
1545242223
1815504701
727660198
1930757586
1482834436
716588210
1735629778
2122459561
769144977
196865015
1347038969
1451335972
854081263
1365152607
1280117653
1936244306
595049335
328711669
483411925
1087860190
1432677744
864461282
386739501
540775417
625559653
257846161
1130688857
1855422890
1251850921
1253120870
182171583
84462666
1811908350
937530930
1159441266
1818418300
1477648534
445349256
545634032
892105912
1756233869
1428749848
384130797
1230141441
1109674749
406287952
1432795116
1798808291
1076621312
572412049
332146186
293836655
1632768028
224491401
258131182
2072022347
1523706265
1562361924
1007742176
472426482
2092246982
487859212
1180466154
1795278943
1023511410
1993511432
1741247645
1000745091
1252897733
1405943747
506002192
1555180462
1194867072
281899788
337351024
2143977375
114775060
1548492359
1980192270
501811829
1219199300
886542439
2053157505
1997149049
1291134741
191966655
852719808
290833183
1806617615
865914325
