615 10 1 7

804322951
1379552479
165891196
1594534376
1126170252
1615974419
2004616849
876143964
1356442983
692391476
486237815
1856416042
282416261
1785641567
1093828565
957993647
7347905
1161228661
717143410
1118839663
1091868423
1616316695
1727329482
370272699
1166690190
345716208
1138057343
1198280656
1641853426
1045579686
1269971131
559921985
2120790525
1481119014
1416385398
85748519
1668249110
1706288659
962841962
1012526935
634908175
706194371
631326769
743057069
1393951485
775398841
643882665
427337750
1385865561
811628921
857509283
1955593291
998373227
372396177
1214939394
903225120
875256391
548181860
396067969
964392529
1282528092
1374517761
1977966282
1255700753
511968610
673863836
1032163850
88889901
481264768
322283730
906941134
573562357
1930332549
386267775
1670253774
1695919165
1654614151
700411382
1559319591
327072384
735628756
539680394
1688692293
1027002084
1008431865
1452928808
1548081856
467942995
281120577
1439673856
673809384
196402896
17064234
1008629361
931001566
1290346393
771603366
1708196305
1945652561
1161685017
1131691986
887317591
142147879
232050860
1260740732
573770260
520572405
1612038651
1851262518
1367161843
72095918
1801011636
1785110987
1442361096
412271706
930829526
1526537110
2137531526
1160520160
1136870410
273412932
697943092
806477777
691055741
931003847
806885936
1036394107
5645278
490234620
1461692558
556013386
530750549
1670214470
1089533143
2097281916
260581421
1618198374
940144349
1202059929
1686755510
1675025069
631187328
1403194127
579204663
166145072
1367455881
32873320
310410172
223997982
1124043412
2036333267
320591457
2027814916
1157477750
1328451028
1147549069
595794039
625684876
590842864
1292719865
2073718197
2016985683
1437161402
319907711
432305679
1900842587
397661928
744744097
2030721042
953649040
2064948045
96158004
1124978618
1850056410
714962247
61066392
1940538693
249043206
779424429
1317451779
1639275888
1333706519
2044428155
27098762
175382870
28620626
778691649
275446897
1350282850
1097696983
740206596
1079583049
1199105775
1110918298
1382738077
1016170676
2128278568
775353651
1279706907
1316604039
1976838089
487822901
689500263
1994358039
985352528
672719818
1959452630
839920162
1748147085
309214129
1127729225
442190812
340049194
304302999
844195546
273054367
1009969309
460262323
2089733970
2110328921
1408130728
2095940275
2041561486
1980139681
1078610068
1913614422
1415775395
708874978
331238459
1497106433
399625787
1147715370
1977654244
1288370466
1514728628
1617785299
1430774734
568660819
1966960583
1096848552
475312012
974026110
381722509
772881371
1584995347
1130860596
1442762982
1482344744
1823868247
608977883
157240579
1171029792
1161865817
1711684349
587455266
655757730
1244791095
1758873422
1784179317
1827268754
727759331
1052866111
1617048297
2053682260
656924800
1655118339
1023812587
527589584
758392130
389678544
1162475280
1196689138
1582309481
26721974
1334602792
1127397246
1837005581
1201408263
136844406
372848646
566991174
1242651555
630772934
612105711
209079070
1854265901
513041480
831319021
568112226
186529990
156429661
749062393
1482987388
1838723978
368951182
683806273
1359421472
872213539
1185451905
1884683461
1456631475
439697466
1423860920
1418173071
1402601413
501361343
1404874298
1370949888
58323925
407637719
542287275
1836264141
757279813
1259391603
573825132
343321478
2007010972
1542955458
229204553
2141766716
1376293911
35956736
1290349306
139952721
1691149765
254062563
1652679134
191646014
1277384432
931419602
850376195
2121993127
1006554404
1088506003
867814915
32246134
292931473
1024808584
887854063
2058049465
699319129
439319369
1750493391
207553048
1109789925
282658724
1922090718
1167189638
1353998678
1637216993
662081388
228955490
1502256771
1284668603
1093584194
360296701
1830439798
271380428
1046445177
130128907
1441407943
1028756911
1341999603
597139849
2019410131
2068516824
944063772
544170475
1106771439
557794769
1921162182
319095354
604260149
320176830
192605154
884498490
1480251512
645235207
1289652153
921431070
1257334598
86489938
1445530808
1902317957
1078178649
275135190
680018278
193502703
1761956966
986438380
1435530457
1874515621
496139210
345491211
1089326498
1828545235
12588923
632009083
925176794
801813413
301599854
1848132632
473374124
1692497742
1966718079
348094105
1709194608
490073089
639188346
1880879537
1012157908
1944850649
1397483323
1083749114
1723106605
1644900552
1195950712
852367552
2014219825
1269957543
1526228267
1666880818
233406549
1396779025
110211829
738977850
2085746291
549208674
36181281
60065403
1687657749
1541857584
