614 10 2 7

664979098
1453216316
1065131540
1186083577
1598578417
1790089818
1202404794
1776583210
1525511995
1969881408
830931707
214181464
806249493
704387347
1848132277
841440122
952796592
1893672493
1603100138
1867945394
862364748
1253582355
1714884511
485419726
1850331216
2138788303
1066781725
1117307462
1756754292
893166599
1524316795
644935415
1883409451
1079373233
1475976976
1889820593
923204391
602899019
353057173
1565171132
1044414711
367153743
1020807317
1426637409
1107871617
1755118831
612135718
2005731968
2146530972
757297018
1675117319
1461925423
2113793095
1682977931
1188885244
1336513776
1581094929
319007965
1319387815
140301188
201551294
240648240
2073256407
516990090
531621752
1388686098
1003746608
1511148838
1742017289
1298271171
2047468484
677752971
447626501
911696897
1361902643
450755585
1043305577
423896152
1691100479
1546243495
1240580029
520135538
1368419818
278217335
1482187467
1408559893
892491543
1456515717
2018374355
1929292172
2042643883
760491361
38337995
97702734
1807463039
1279219977
1638356970
1062581947
2043091199
911920688
2112162443
1589575544
1863122043
795847201
1502593948
1251976969
2116183520
1364473372
957706034
290383393
1610218733
1074715860
1125896536
1512269051
26161850
1551369360
1463484883
1767207031
704877158
1008385934
319325327
2910397
870147283
705652257
1412224263
1696023358
733341920
1511544679
2093107404
622392111
1488624759
718464996
1370262773
660178900
544212194
1323658739
1265197716
1988627632
1257194946
1035358798
451451806
1037897474
1571551269
445791641
1184331748
974570518
851615498
1924189711
2005410609
822312732
884864173
1977671961
490892818
503241910
1207550875
419839447
52962075
313933691
1694062297
2038993767
1329944898
1277935131
1758600238
849108571
1852324965
150725584
1931370520
1956354907
1827623364
297084766
806157551
1819366100
1096382243
808132885
266494226
1645874665
285339043
1216606081
1772447187
1329112249
1890498898
479621829
98009404
1452346490
1407303409
1733043001
1705643745
625943230
111293050
130855776
1481209969
1021057345
1654565608
304807980
1861690775
2113637588
1807596506
903340262
2114627294
1559966494
1883132399
571535231
2023665387
1837183360
1109656156
684543999
2059888656
1917304311
386227830
1692052310
384147975
1187563950
2005165573
977004935
1797254007
2136556794
1450707804
124509838
1819821577
846148013
1408875320
369613932
1391773348
1102082923
1693815214
2117955668
857999257
1177843001
2083644319
1068824337
1457770469
128722951
988141819
1805521203
122797689
914177604
470211589
1964538967
2008714419
1495359737
1323164724
1637154759
933016358
806368995
1582810702
267811721
1079891554
1714634149
522068226
2062367004
1201020435
921211931
1236647902
208464844
1821632518
1463780861
1914820023
22421738
1918826961
400235003
1756683114
152012529
1621816284
634818072
1025859933
1284472026
1766642382
48010260
1719124494
1030242632
2027027366
1530853358
159485939
546083471
618502617
2045740242
680386649
1646526076
566541180
1491584227
1864457348
608256359
1532585179
1313332026
1145037384
915235919
745497336
420207922
1783778189
838209818
255671226
926433629
1437731189
652259015
1779666072
1253786289
201446218
1694991800
928015471
622606021
1204496841
399991365
1561704568
219126296
1995488332
884283668
1053508254
1766072022
1405035730
1796902766
613672122
1426721710
147315549
1672431729
20883577
1327610797
1977795609
710298028
2036670505
1711892310
930603684
375988530
991099569
1746999110
602537119
534298763
562500782
796892805
1301985645
671846248
57519468
982243524
2045087664
1531857619
1666539558
297167521
1810664675
1409884914
479229214
1227178211
345657188
162829447
630714084
702704854
1434695428
1425463147
361451872
1876052563
10826300
1118173060
415840540
1672152852
378903697
219071862
1650407597
18704560
178594599
20305444
680801844
1103135396
890934844
1336806506
537937321
1142610221
2085091757
639528541
588671411
419982026
603068104
233270785
1357023361
750192878
1777239921
1760319558
1577287506
1421429749
1660663283
118250905
1150949476
127482135
656105516
716404672
744720450
338679321
545864324
146139753
2008404043
708143845
1909584572
531201787
596590281
721528847
603666495
1819886058
368176472
2083863314
1100680960
1818840574
370333149
1885198885
2008663105
629610020
1264691215
1674648613
510222158
2064259219
1841714145
1513146273
1430169819
2062824094
283504049
512946938
659062501
1013618509
734621235
1002480508
869558611
1048535292
1976964565
1343619402
612253710
1704423511
2004397324
1938295951
509561838
1373566543
590544260
1499433820
2116438647
1757172377
390330832
635649217
390512315
190457821
157586640
1289572798
578786524
1992851673
225318020
2092453966
627871576
75812568
1046977422
371164240
141206408
2075424876
749715505
1955346031
205092242
743777472
1715777426
1518580839
349176085
1965614640
1144995307
357413389
740540638
399156239
925050595
265951268
1406763143
178114637
1980370431
1968866339
272348306
1201117116
2118855413
572950011
1996602470
1075381499
339695486
1054867631
387921603
403907860
665093438
711492385
1458864687
1285984079
666832868
943628264
762902961
1255261386
1379148028
2135584129
462763910
296150922
1239137960
722530635
270114617
275758079
857912471
1204506599
681758188
339979264
857781927
655110291
1289873996
1949450074
289008936
1641826967
1087142991
1238884483
1170510307
1979186302
71789284
805058869
2038087027
82422060
2008431902
498984936
350777282
180066154
1348259192
642850293
1899712415
784437344
961066499
455882365
789910967
77348641
1781377189
878629933
1127297646
452405744
1858219140
417310679
1748804140
1867970584
215901205
241168616
1482730694
249902489
1025707630
64153245
1789541365
1961420368
998622496
1828418513
1687251413
1362173205
1946312388
1072873216
1100615361
202434009
318609237
151877269
304049721
1628884818
1392932161
1711864187
1540057565
1762078203
2041897075
1478431417
544519558
2005960068
117741833
1533785117
1553787912
1025790282
1105165646
1959964747
268228871
431157561
681386572
1257838487
385930376
625234268
1428878012
1501224588
1050425938
665241246
1254964995
129799232
1235721915
1639496454
630030337
1438226737
1248580758
918641021
1181097970
1089418488
1738411345
2019728812
1131890153
1732402422
950258665
1864596196
2125867793
1652088489
418961849
2044304695
342997648
643441752
923071995
238093007
1805145571
532322604
1220340489
1234042445
397072331
1961742406
1791539864
1368446246
2063125938
845371410
2016102247
605184887
842923615
157515911
2133859175
1866615789
1818561608
2087692064
1981962314
652699599
54568955
25515740
1649230889
2001486434
1896961159
1799659394
212262632
14914632
602334973
939890069
112165040
812118451
296211275
572083081
1324237536
710367894
545166426
2008359229
572187533
282114555
1468613467
1703192181
1048376549
541940508
295723110
1290199005
738393010
1747457242
1528230544
493179382
797635358
1526813568
1050539368
625282610
1358498299
1722779003
1651005939
1587814605
1471934214
2135121785
428352633
544574829
1749675887
1294071578
1842128490
792068539
1718490805
1452870313
2104811169
1052281264
538480068
377074344
116867443
2099688500
2013787575
474592632
963064498
1490421379
375223215
2083732749
1717194463
399022826
1634454182
1676595721
127673725
1304284177
1499710745
445120520
957231686
1586987996
643488586
360854653
1865391486
716237558
247881532
1834331890
1406697644
759160087
1720005463
1933420238
595928427
400596186
1568625863
600622183
984417256
1753581016
109822602
351110984
444874831
1782352868
2018440211
1133915301
2032179677
808941650
225463835
960384909
612502126
70190995
146422931
1208356146
1625734174
1599822560
1722769332
1164903809
74480111
1784108351
376794996
491955931
264543847
894827671
1437088835
811331716
1438129363
1717848024
666305652
546699602
931401330
26113312
1043031182
944518439
777196899
1275113292
1782593519
1055147158
1618486316
271480043
980059452
443986171
253499019
442230122
1500690022
931267577
823702125
509270198
152376058
1682005535
978544148
1266328924
564769919
253956188
1960920215
18431569
812226245
806323264
1048968666
1279270279
556196166
1760783669
564437918
1052585715
766055847
67554311
151790495
541169800
2075843750
2048994853
1778704375
1307312488
1130267154
2072841365
760001682
696522484
1563152574
1789623126
178525736
1308701033
297280070
1963668348
1717573059
102907601
533473837
1300470841
561902008
2110137341
1367188289
2086734053
166993657
294415036
1620712272
1849120574
1113851615
936316561
1957163458
551761047
1579146258
736862343
813893164
218429808
207932659
882965548
2011255578
1737861856
1263073509
1763369545
1073555694
1739904366
435140747
1064510912
1040631590
1114540855
2142155596
1860520880
1651780276
1621807672
927832459
2133542186
121835729
1484824852
36364612
1140629716
1605412906
389270572
467154011
1837714944
84526120
418945754
1714301215
1371076419
893213125
306336168
1976276041
1765173577
336634744
1718279227
1492710371
960336537
1457785101
876602846
1679351313
249567894
477090169
665453981
1040223835
688812075
277030612
419074143
1758969021
221386848
1152404304
686028996
296712445
82980159
1763750417
1711174126
1150679217
452001470
1573542109
241435294
2007224397
1517904039
610769479
83080177
1502743097
852675058
337383340
1442125544
1980107250
1147184808
952857793
302052911
1493328345
1652291804
1796414573
