60 -1 1 7

2136003162
1772745397
331666093
1061263083
1816638613
1119485907
1364090986
1798951534
1845024272
721807838
549936463
649011039
1094738976
1495793467
1839300211
621887175
1213396305
1073666468
1173329496
247025132
1205195627
1170730119
2025618797
443608551
1969638596
478057611
1901590488
2093819524
42436027
733926512
645473301
1188329114
848393910
1591968813
1534776083
1656147788
1950762861
1331288042
460481448
1771172446
56308606
272517521
358706012
1045883236
580079547
2038183329
549338368
812519788
891876195
192209013
629302054
1382448557
1441214478
1968698484
2076542667
1658950219
322112142
1383595690
329640837
187952662
1534387669
1024982916
715576424
612207371
294155771
174703266
744612380
983456623
812443849
899885764
397620487
1620856864
618131668
1853299994
964732958
723801699
23610809
2128617206
1356869213
1934399332
1906095207
921767615
1390765780
1442311044
1751051509
1497627846
339985207
1946520590
1846667752
1301377973
532179882
1019781850
1905045456
409902275
2003883695
787821897
277523851
1471173913
593847232
691807068
476419844
1068308748
2008355815
1669996959
1300533812
1747915074
266318784
463083711
121976772
2049695613
1609184477
291374921
1983727529
1477387023
2029603088
934715262
2004637218
2005867298
1029389734
1258885036
839824950
1849742027
682379118
1784645965
957658966
837016537
481525018
1248832222
982933983
16907126
1855232839
1806107269
763342825
2127999108
1615887186
1438733035
602592818
1348990494
357830582
363792109
336840352
601295051
919324920
966560456
135513202
1844934534
841631087
1105157286
2019383674
1743608220
1107794617
1617881478
751012225
965178847
532595110
1126254125
1802694348
277775115
2126250063
863194594
586982710
1626030152
1000898691
1505726683
1631223519
1284488865
351399878
815412103
1611085796
1825361419
2088607952
1964513358
1578732547
1158954646
1426167785
94370950
1423013292
24564238
916976065
1840427605
784040919
980034357
1222346526
1775779512
849898221
1545337498
772842980
1959316772
843062096
1552306887
596779688
1897570330
398733439
1789326665
456597346
1520954251
188064274
476340044
396626276
1892275568
69895135
2130381178
1738279884
1739649344
1886560842
2006151893
1715881635
581228410
1400495869
352686965
267601855
1192322632
1732701270
792886810
763655208
600763652
1158343870
1862010242
1998134566
186079733
1734822502
1819661200
214527197
31023238
753400053
954751301
773059605
1140705243
1671980074
1655788259
1661153807
1237272776
1076945429
1692026876
1310380773
354678995
143679359
1170948175
260423312
79595772
990275409
840336881
1152409162
550106163
1979026862
291360401
1714298234
1146428535
844924600
906946657
64793004
763489825
1965369699
1241030778
678591082
78691480
1481093900
1739362620
682051912
243727582
413754702
1232410730
1241379418
1005246991
417481515
233404035
195416008
1040242643
502984821
9201302
1502525678
719610561
1011917398
69816751
1779202976
554414630
1139094510
586871782
6977241
275477105
505924908
2006154454
710388721
1689476466
166860449
625106377
1903665282
1082954874
91383959
972050562
1966282506
2140171869
1884079202
1805764971
1177103057
1257457470
1423041899
119930648
1364870788
81940529
1994721130
87840310
1164081769
1146327935
2017027747
444055611
1177806078
1384305452
16070982
1561991176
607782913
828211474
779974908
579112128
1619801823
264641043
1674998602
25137574
648774631
257059673
1087690291
156737400
637774267
1218474615
1014543827
1043158450
969441961
1350020787
2105466308
349049035
1275396487
1264230304
1197854935
156809241
1768253464
1088115770
489440779
399227456
40898238
1691719417
1835661954
1786868957
1220773446
1934463075
856827655
519763775
1771134779
323472795
1056359539
1041302677
696564808
1968173447
1977647049
1386775136
1029080509
68424783
674996602
838907333
1955296637
1636700106
1327223505
1233522476
1111933937
233463839
988966039
1413014841
2104779854
1194312526
252887617
576554567
430542405
2031087263
2095938595
556061551
236998437
1280383125
1491289921
869917961
1802751208
1841616268
11787822
1103519647
1036998648
1277442372
577320539
1603303031
1389538711
1250676273
1800404796
917544919
707315122
1550068522
494836009
1867064730
1723747040
31426778
30589069
173335601
1652093286
698010376
1017877029
738868337
1386711451
1693781294
