248 1 1 T38

1692662304
830335179
1025171632
1123773657
107867814
1824478866
2041607116
721968683
171354573
381232216
1410530675
555708728
145793381
1361537014
963908107
1907992516
1398927284
1511433262
1254661138
1510036602
582147831
254856171
404598505
1877652416
1722221625
2145042069
2092706214
698909622
1590689814
691680158
108111807
1333742831
339223342
1338138309
278193022
2134179714
770750435
1953605552
921994987
156040318
2095471986
519100112
1202301796
624875648
1194753460
43525909
58059071
517179337
730567370
1814323347
2083896879
1770882692
1895655703
202399655
345750272
2014628212
1374531224
417974780
496724722
898174492
257061122
491731562
1481202080
1591923904
61278356
375934287
1464240124
23016075
358575327
799391887
1585468308
1565151989
2009015643
436889625
274513554
2114182781
1606943185
851650573
712094962
991427484
1435854345
1195175267
1560270174
1033413166
418641284
1634418422
625902480
1355555301
1195853005
495449057
726958848
2025113675
1045487154
532145132
232219449
1086963972
618809556
647054518
1595804696
376692292
1753761176
371376007
73383085
1997077591
693513539
2141977934
1345009642
1988544601
1947377948
513844462
401398408
371748702
1822064081
112411423
138593442
667665702
2140853442
991727212
984251563
1720488691
446126507
336622795
1067796673
2089636356
2120381044
279738694
270805776
2027167571
355269904
222723864
1525209146
2083805133
20377850
702525905
2096854638
431120698
1431562893
1216296243
907270746
66913417
2114669071
1191698439
1895080620
847282891
1649222134
790752624
636252921
1856935691
1478537166
1606616976
412748628
1158372787
580207725
1623712118
1198669379
517960958
1861918622
1797258838
1588272949
836735331
144875236
1875723012
1427436749
1108066210
1923885328
1734160527
62670237
909526514
685965020
458351102
1046151281
1981040532
446482646
151283857
473973896
301708316
1218670821
1556276987
866456165
1376045636
228078736
329251981
607101725
284412452
1463063698
1668448219
370276531
1032608068
1622074350
495972392
598032975
1634053304
1953717705
1482180445
1215083221
2052569669
149161660
1542967443
1299313786
558973453
1962854636
1466064379
1919744333
1886110056
1722258312
879239388
2136188367
676182508
349230651
414417757
1382238217
1264549648
1605443416
1568203532
23098142
707636117
1321633674
431362971
458502144
1239407064
473503846
1947780862
942740471
737967404
710556198
835064287
1350389541
1423757780
26972984
1430686962
536373644
1679636420
805887889
1810504714
1766763106
268375183
602643235
1469330539
1098878710
2124002908
742354974
734358589
1140266316
2094010149
1663180702
1773010503
1437762027
1504868856
1856115499
1276569742
758415132
898328384
96134790
527430466
994094759
1368854499
498696970
562905245
2144823265
158659680
821896953
647194868
924572559
130148576
1312374532
651062501
1872726135
1202702304
1175722517
1422225687
962404905
1040269584
42459369
2131073824
1166312251
1191429499
833482169
81640190
363655163
1498739103
1852649575
553436041
1134426325
58885939
2080660047
2140109185
606360741
249179807
568266557
2034464324
133458503
638527189
140798166
252582170
185113232
782189351
1604052231
818020564
56821359
1366504575
509583244
1718739879
1438634937
2126126319
1108019228
1895458690
1286213211
879073001
699943103
1946380210
1547646370
1537262614
1740520319
1489862313
1174522236
2068684163
257879792
794697674
1330009735
2024027333
569900290
1868483826
1709543031
767259497
1478576602
1807650721
1805203991
348623357
1027311359
1807029104
1863235697
703426878
1946533084
1167890382
2045413222
1727288440
1480132626
853620264
