43 -1 3 8

76404544
36431396
788733152
1528027201
1068976779
424642519
1187854100
2139249945
1211940855
674908166
57984548
496429340
2054135852
372031936
1207929669
1870353264
396143353
1393770138
488261473
1965715021
298908827
1017455756
917464862
768682586
941086213
740203365
1418684717
415679788
449490868
1035821978
2008529405
743037845
1920017834
186705539
407426834
234901426
329127033
685929563
1240579165
1513683488
668255974
1597411031
449722210
1283605964
759681705
1663577020
988248659
938167541
1179829217
2051398706
257176161
10337938
2062061972
1294692108
1349449080
987599078
807296359
1708425636
1754458578
929286115
584090506
2139291511
1247952354
139753666
1471558784
748627600
802341951
813295550
1804067935
20942658
1215111376
2082662038
448690383
867653755
539666055
1726871189
245332038
1849567480
457233340
30515014
2063594544
2047660
42388902
77054904
2122183402
438605002
1376556501
1636263804
1574257787
1424840118
1341192773
131606668
1343523824
1262788568
1656108600
1533164673
640916973
818974666
1244070969
1860886774
1145144196
1550066730
175176524
1294639895
961058337
1610166901
1356669781
1733043955
1998710391
566765060
1080213199
1898559415
1845178571
279488118
1826859149
273952136
2087127269
1492161007
866596990
625519014
853413971
282718325
1147247223
627587895
88599861
377267278
657585918
1442843386
806401113
418365146
1045119710
2125095098
667298333
1305018611
1158662107
1519026816
145515086
858008771
1371239018
24835965
1305151767
1454307499
1948253660
299242934
1042155809
459308205
274614940
838184987
1977715084
987030476
1839125618
2076575781
924403382
1820565817
2132401620
781574978
2061788794
924869288
1880995676
525445025
1820650237
35995837
1816055530
1581663397
543116432
1766124535
1048274859
1265814068
1932016547
273302760
443432082
892880924
522646163
300781205
479250059
1675008909
1925130605
1368463285
1469362908
905809280
471941695
1437547152
852299264
930547583
1502163511
1816986982
108018221
1784282811
1936304455
142107590
289631250
2074568886
752126163
502377204
1002606126
621495107
1504325253
1204883388
19109778
1775223438
1400908603
2033882586
1015375829
557894991
363440292
1572358179
1182975933
888060503
1462268708
1696055192
976087997
1185983647
712713692
837239609
1339449560
321313325
308522060
1621654973
1775191965
657432795
394192333
894439575
1469188485
252589037
1864803557
857376069
1272372761
2023471194
583034078
594424857
870956024
2125562921
716389970
229400835
1363686823
1988013947
547142041
1534184332
939188046
1513674426
272146227
788647816
1252579185
1672433364
1958295965
1917123947
1345796785
2050901046
466269386
508256875
623678879
1957584110
46646599
599290771
1947276016
1957118396
1524808447
2143639834
1401351653
563775238
394268631
690785453
1442874388
2036990286
1970661392
1280439103
883240379
888230297
953497159
337391699
1859865153
2106008081
70996362
1613823892
836763255
685776673
1737207571
854160301
882142581
1340936107
39444196
1047188464
1703223711
1417654194
2138566467
2086171287
1640373310
839293719
846836518
935598541
1107063392
1366770234
646267111
479817414
1376674606
473748654
1756292218
645673248
175268064
846674467
228122475
1078470873
595864690
1085218359
884512503
612287366
152149550
1304784259
1673116353
833151441
1909406681
855031608
1609661565
1418949016
1675800502
646564405
2089150871
197273490
976082292
622425578
443065668
754712293
1989355749
2084777939
225512642
446049325
411838569
2039143291
1560848210
197045049
1247343658
1165538732
1174696750
1656098599
831684713
1068112775
1065716821
1740344144
1381055122
630263923
234097094
959253682
721032303
1891767681
597252020
1523881203
786947012
251150387
160310205
1365784523
1351478211
138497117
1071894430
113343624
959277514
423888183
598716837
1911678956
276890765
2007398462
2084495888
890626439
1875505940
82453789
1988455585
690046312
859731256
752570129
1999805506
348773408
1237842582
1429185078
1529823381
1343479737
1812913779
348742446
1598537671
1034592192
333112364
1313905309
683012219
1921490564
1123913508
382122721
1504399511
1517717120
816463552
1347451927
706947395
57502551
992733819
1953559153
1361366346
55473490
2060383645
1670717608
270090112
1192171959
1414739980
476362926
1866596126
357229889
755543262
1597217501
1879835798
1823718818
1438048455
385577172
440698049
1548224400
844214463
1038978973
1195249889
1190910895
1193030447
1434792955
1805295554
292042500
547196093
123920781
686418540
1188949255
1683988928
1533739445
1047886819
1672776169
1262922815
340354104
968697484
2078061657
1815565801
561659950
1427509362
1116330889
485315046
1133368723
625525182
2081045865
1110134987
1429234164
180549651
1659067637
1509592543
1337468971
580970926
902073140
1965089194
856030881
1131385636
867662600
1666659590
422903450
1630836810
1439827352
41049772
650330353
1199646102
1929383748
231890714
1949281577
453469612
1198831813
1123741168
1339700824
2085474382
1519294850
1953763143
13063140
969540433
1188947803
1652700466
1337343872
1557814771
1260111581
1951956342
1919679336
1144769252
2120391429
1899723823
1643531437
1485396304
189401567
341304721
1215100791
756707447
1840992207
928671220
1406139440
1458423069
1386553843
187642572
1246795986
309654799
446220049
240857368
1843794414
827329955
1642242694
1197576700
1765988200
255094194
2102237434
180584212
1401966634
1011256371
1370055552
1461448834
302794607
1406327332
877579033
728475305
2086252353
316337549
54881668
713213045
597691790
1929649450
1535201340
350490198
985395518
1430177448
1982184334
89096108
1923394850
2101933579
930634758
1174039349
1764273262
85671352
654204711
37463201
1713176765
1043265614
874569965
2017865265
284452030
375748436
2018042553
1779976421
1501759906
1497230893
8702249
1067783496
491618502
1350560630
1337238223
721809718
2099070838
1840756431
731176765
1885615151
1097280300
1499261912
1878339188
1661905359
2016202683
874042112
928233039
1285350720
127779425
1449946358
328898165
1125053259
309834787
408890962
1341160463
453399638
1740984354
298426047
1178009828
503990606
2125941990
1599394806
1613597969
1281060112
436089689
1246771043
1945415380
1396660198
1272356939
2130163794
2031564870
1705474768
1492822366
62220677
1176070619
372797684
1046573179
1589436487
1894092565
439923965
2056749566
711235763
1197959282
1803380294
1306355864
907452744
1139313422
515860469
673358830
2112746526
511003809
197960245
379134371
72432541
1315344532
1372037326
1516542436
1660014373
693089831
534401113
948915735
13236785
924067698
1301780352
1198537700
1162666958
1839373318
1978941308
514963131
1495465622
987918931
1434425119
949450716
124176930
1166042155
1712775883
83803884
170624868
1932108727
1423213122
709712863
1775595568
1851921718
1443716499
85257832
19250196
2109013101
1922962923
258848137
954976633
396272273
473668010
665178045
590537603
1662883415
1858464504
1747848609
135240247
1755493540
1328639658
1953988434
645573830
2046060438
959764869
550037908
1790545961
132314859
1863745586
1153358946
1074706131
1664431087
1135529676
738179516
826272872
414168458
1022737823
1804255503
1464697655
1545592525
1665898078
1948810301
2054258286
1480493922
842669903
1436140927
1738039832
194498631
368332661
1076266192
2033349461
609862633
308508241
469090061
992999882
146634470
833185687
1223951582
550167771
241051161
1219046191
453871775
1052246244
1885908962
1728355629
1248391324
700849862
80394021
1201575234
2104444473
2118026275
818328925
549619557
802044383
102337904
1833912424
422237762
1610851343
393745724
280907951
856906271
1598953125
1915174368
1053317791
26111320
2059871661
1155166666
866014458
963821941
671946769
86095544
1251999195
1807914312
1030542635
1869558539
1237404937
1277254752
1434750896
1291991776
711673765
2043052353
1546469850
5647731
810735710
510766084
1973198368
999251422
419288302
1272501097
388259528
2012487314
1022727029
530969854
1726783904
622334151
1492432918
905617923
609214680
1129212082
1903441846
1963327175
634513961
879388945
777102105
181222872
225157597
1359652759
1191494550
1256302348
966021996
2012393052
16137289
915862229
1399857885
64963654
1446284551
1230233157
971567953
162385734
439112327
2102230185
693902746
1802997105
1984328264
731863925
1039122631
815462985
1005137832
453764282
472701745
725022513
1291936825
323126077
762694080
633419431
717385903
2046650574
1155277012
1102902178
1212874246
1243108660
1633467941
343121330
468334647
1255879973
1600275305
1943920265
1398893296
1267514700
1001854954
789338307
743109638
153576569
2029850781
138050218
1120750500
273717227
10226289
1279378716
569498891
92201840
883901425
604912088
781797570
284924226
1207547449
1579169966
1842561229
1318809290
361051725
814889078
1020118237
1579316553
1869656410
2119419842
1073586028
2106277427
2088250266
1189915790
873786515
442848020
1876669815
925361244
109805519
1637406369
37710161
394653919
1189741315
590722660
704552346
1660098470
859816220
2061002005
1001623088
618890114
725623328
1472385752
2099303068
1107833618
434827465
1729792971
2020671834
1055192594
1747723329
94336820
701734699
568529117
1325544912
1525199067
532971919
1776747819
376726532
538227728
1346807731
138449285
458951863
1026661690
742062226
684515475
1277084322
703267087
348153970
1828159865
442361810
925510532
1906872783
2020478840
1687015836
115911951
1043053948
1524332159
790403370
1280437925
936478738
1730066156
96799294
955878083
1921034306
1044877447
644344061
1572108614
2061600842
1226891575
1722372702
455113349
70786832
1508709513
93817660
181238709
216352846
358805206
2059323105
936827019
360995516
1542115703
867205358
1808712938
1121869765
167884294
846953369
476911778
261875672
1131838061
1229740254
1303062754
1191600663
1602316624
1231947456
604512033
1851631371
522234315
751969368
1554415812
560777869
1973343577
802759588
569252307
1324579977
492671801
830942758
1039442778
1436280495
1992737988
1479808387
1715974974
1731090979
1137831700
22541188
2119022932
1491720133
2039709890
1449425141
1334584818
1194998793
183057487
2003543094
765843299
165297804
1709430997
1172772415
219369101
1082884865
1623548710
78469900
1389767177
2036760282
329507175
1343805912
1207401683
413334955
1554841668
1559654158
238251122
1107098901
1454641815
450033048
604699536
181736904
651010642
504244943
1614148689
800143609
1029677543
1105884159
777163755
1507854403
647860029
1313189647
926563192
1452932211
682716070
705240123
163687949
647780251
355057050
514849604
2145271879
833703815
965067719
2079017202
1569400948
