44 -1 3 2

1068755513
2096586654
2059486822
807886226
1631085216
577896980
1707785391
1255288408
1929668752
1153806643
208971328
1569096309
1835835829
1099239285
371215913
344135831
61342585
102686562
2021576180
2091911686
2043984921
1632349985
1932989867
1705210946
857740808
718799159
20794208
574665953
1301430208
1353917000
1390958661
221282405
1387395380
1388352076
2012589271
747212290
1191396876
1365693592
1822859627
1955421066
1887071284
820750091
1772725258
1315154703
159688987
1121949117
1034922908
740514739
922317352
236318570
2099386176
1056793277
678556831
776822579
783820767
1174301350
639054551
1400476306
1771264597
1585571086
153436256
735438459
1376356609
1400228724
278452659
1134593862
566595862
919912013
905928589
331518278
1129917491
773531523
2037757905
527519752
1915040724
1694498248
696073960
1280383828
1079532383
1275176203
174713244
854817705
1524852696
1451890317
1152223305
1543906919
1113368538
1763600952
1619888789
1314790758
1262231729
1295559107
462429446
627200493
2067954854
1410479857
391546988
261834565
1817531405
1257150259
1122126357
888884301
1957343648
1818548303
1033937517
584511762
1526313055
713223985
1082247552
1584181494
457303619
1058295008
46460995
814031549
714051334
1774836854
1241258455
772569594
1666919065
1482692331
511875158
101300260
446232242
1227052434
1065007862
509283810
766467899
597153915
1806444534
1707987531
918475752
918724767
575508007
1731759164
1311877852
497005763
1995302680
564555166
1343643885
1934743520
904104809
2107409536
837439605
520425106
2076459006
1937675487
1909341235
1301740250
1847850087
966533297
825782380
1394727117
1177806728
433261563
1398962489
1282235286
1741694479
1075274458
646553052
830714328
269992883
2094588958
221485497
707793865
1817983648
1348776309
789646844
488729036
624447629
1266341463
146106285
309344848
976621464
1641589344
683340476
960832836
1816145324
242733484
1264851087
1357780500
1231426244
789148730
1585794406
938850346
2011398820
1532942169
795199512
192602454
2083258872
678050223
947285248
204517665
55987548
2033155396
431090440
807727899
671416066
1575793418
275970735
677591373
1494934183
712664958
787371342
327076408
1132540290
352853475
1331727406
474674222
322092695
304685317
1137201541
998781845
234068382
1613740655
459533429
1855105018
812855205
2142460500
1881585919
1601358536
1730559196
2115333342
961370173
1520556070
1158475097
1145304893
1945687129
1361977388
56499021
1315433119
372153103
246114277
1121633876
1025940817
620753140
