41 -1 2 1

24108878
1828096434
1706616402
1633298394
1424017576
2142282378
782376260
214512728
101086994
31332271
399434385
1441200078
6270569
534131222
511648020
211181606
451426530
817927763
866459962
118834254
603559979
1784998745
1259743648
843880889
1454945436
597038736
1792385304
1959682314
32525106
1374939199
1690179164
561965261
2052223770
279919374
1525256150
975245270
653601770
147087525
1543922470
851042854
575402244
440840947
775579984
1601664195
705470059
226426545
33971591
1055659084
1294525838
19123966
205270928
1554268464
675358003
115124265
1858219138
516586169
1855819612
1678378304
1188234184
1681901356
1662674105
688924125
757247738
831612487
1056939612
1032582347
437171828
1754813090
2118105174
1411385373
1657637896
1857723793
196315129
1272859539
922951573
1167096960
1331995098
405182395
1151241789
231044790
1200996869
768182196
1899682583
1290271438
639258079
339256461
1124459428
1843342278
554589652
2047454560
42972470
724274672
317700046
2117431387
610912789
1691532692
1050545673
76371905
1994814477
1867230427
942321427
636719874
113355454
568295942
136487111
1873402443
850478989
263581114
189836942
1286338499
600017608
1649324982
1982286740
1241187534
722081932
1605409511
610711985
1499938134
957518770
1015143393
1532689220
623966658
628691716
1995913929
974013933
1723839179
1679329882
1737067056
692339896
121122066
703561930
1872816735
1991164162
753977278
469428738
1940448037
1566421460
26666086
1365983533
1780829115
1545261524
1782586301
1748546994
2109133065
1235629458
1821196921
2133775077
250864321
983632654
1327054102
1608083291
1905341327
1143910802
1262110183
841677610
385896181
1714241070
565964693
273853816
1127292184
1029104426
1332210594
1967014922
1868564509
1746898926
1735613996
869047190
1652638212
677167464
402899965
632059781
1588280694
963070216
738290469
1764037734
655787862
110139598
666282038
891577714
1936069325
18784822
831098830
997103198
1508845698
1801298177
1857705829
2076182367
1838415927
1804187447
1136811838
1134964393
1332669413
582968431
242331973
562427165
1763006875
1296071416
1388856925
1298468965
170294952
233831083
166953593
1249637315
1100816078
420026986
2069525094
1857967105
1417498908
645563218
505222537
1662897106
79571026
820691137
2094899570
2085024918
1948432272
2045714242
1401317962
1013671483
195172153
568144353
414164653
2018193077
1400373969
2096310767
1919776982
1296273319
1280157244
891282624
279365107
1477631466
837424496
1208240552
2014239208
505189711
177737103
107548074
642189068
744949155
89917665
96367323
1348362083
764331078
517591587
1025154442
861127385
1357496298
1363830951
1592565382
286586107
8699454
476892500
206146225
1880529467
1842817051
418116077
1215191720
1888029005
91114679
730698606
2083279181
517732980
1707477878
1951473414
93913381
467890049
1503494921
1034681098
605773096
1829378401
192213668
1079565613
371399528
413621681
227453892
595608896
2117229978
600138793
2134410864
1328557762
95469084
1984388394
1724043312
1737029921
1859854431
1234346255
1549215380
847552610
2134958260
1443310643
1780157811
643833411
1182835866
823023704
1490952788
1056621975
1154300716
1661855907
699454514
185486153
707130882
1211128356
1910658337
2116800384
403863181
209261309
428792149
206189110
1209210728
1728974456
1174986937
884921774
1125169609
777637387
1032547115
1877499575
645955809
1473636116
969492186
1225571722
1038867104
1441372329
1432129371
1334055294
56911585
1928053672
667943716
1431487684
308691381
937711060
399685997
1430204188
1119016809
39434812
1132106991
1713375958
1355771480
1266230715
333001982
799736692
638695643
942042915
661832945
1800622354
1669464243
367135163
652562416
1346550933
837754366
528712896
432093230
989789558
911936652
171756633
827348023
345744253
1513864620
830244279
222707796
1370051887
1503923273
134494192
130279025
338568793
469239045
1709848056
781045095
1703829276
1448009540
189942989
928079995
1296595467
1571957829
852256656
1928972634
1703302344
313671804
1928011549
1286458773
232282954
1873240028
838343112
675894634
838760455
224652888
715283171
1647848770
1410123774
1288933616
1849314586
1337345562
928640114
2064674214
783707701
670406992
672036754
542589303
1954305032
647976476
1093133225
1631768279
1126033295
7171982
1466476309
1460831432
1689300767
1434434947
569542180
1222601245
810264901
929691870
532682322
1284864480
734095349
179368514
1191695531
748971695
1739578189
693683437
353605464
1997131553
604356659
1643431783
1818429366
2054471179
1489784512
780462573
348765062
582617307
1083701291
1929783354
1247867389
133266322
1274393962
1690801062
2073717367
658677
308968499
974538532
1503151779
882241343
1860166024
855892957
1838767079
1834840988
891430678
477892721
533385992
1816021316
1577391402
189073413
891768172
1658057365
1845714155
1211680544
1416580327
1048328900
285931177
1763040778
1264651961
215976721
1828822867
1209852890
1738988749
119599513
221011422
1388879879
795881119
762786076
425182687
1625122460
562593128
966147900
1860571766
1027383935
1522170428
1361381323
1248656834
1936484505
457838102
1386936750
1445142267
280842619
464257975
1523513724
543465777
1474551265
1495989912
1798564841
519656989
1099406473
1168712754
1223539416
654684073
558944098
1581785397
897599986
1216334304
1368316954
1804268888
2092288916
383366289
498735326
2064877664
2087051402
2146052932
1051196990
1484608623
463152135
915807078
520136962
2124317405
189954930
1414535661
673789177
1410334492
89396752
1660699659
1252983735
364544057
1815307470
1113452703
548167533
934970885
1673537012
349368928
798808580
656301149
1992577165
1193994625
730581865
1768520302
901788523
655239942
914395361
281328639
302083932
63770861
140738268
1644607049
847011270
660231820
33702801
1441807399
1712384096
1945344151
1922726590
1235574457
658705879
1368928786
1552936641
1080315628
809136335
1294221482
393262783
292564353
393959495
722162963
1138344189
2021076082
1707639184
1714326201
541873022
563047092
391349629
1831754082
1050083118
567547531
1352962125
1707394484
1254024358
243880246
1195734846
1018649399
473064379
2074656272
1482002917
1637464869
956817108
1066487054
391025655
1109180570
1008923561
855233169
2137017369
433066814
1340040927
1475182232
679218589
32091267
402909710
1332059568
330784072
1353427627
1155307724
1354045032
119724497
65634563
723085781
1135664819
553776560
1354533817
656782056
754330224
903664300
1668084797
1940210015
1856369117
3667057
22346577
800776616
2111978720
1309309130
1265449092
1245360539
1148811088
1827120029
95458129
132880895
1739677687
1083451755
337127050
321564580
1063300276
797233556
995709482
699457900
653166773
1747420620
984569259
2101294875
921394247
1969258554
1873609439
1697162927
1150270189
1626542777
1577401035
1071916604
572826563
2012171507
678410005
1344822156
1903413387
854048422
1834400898
2004450915
194470902
1988412711
1436726149
1178568164
1989656601
1139833073
974253410
1781826083
43283980
1932879394
1328909409
1763237328
1781022700
1262182528
1630014191
180475943
1016750558
1852652722
672372398
1999816787
907953745
1352557956
2126575676
1743314411
2136048089
993325195
2069371700
1931249548
1692881082
1547804736
534853788
881871343
288029088
587345714
1281110858
92917744
849299483
1503618858
2096299495
1647388729
150820657
260798108
230070300
234136575
1692183912
43672483
179862894
204733550
325593402
1072226161
1804089808
1797193143
277144365
1382951257
1831272593
271495230
785156146
1006390556
217059823
914960510
1258868030
1571069772
1603557183
890493589
1112488873
2022238592
53289709
697010336
1614360025
1277074284
760008731
1288508063
787908426
1999123589
2027614005
1462828936
152066463
357543311
377804621
1102767987
446518261
1917654614
101750935
1885987311
515936446
532800478
817086939
833425052
291250422
182910549
608501661
1216247122
2025609588
1712079776
960199571
1368008740
570010845
1313174097
940860260
469890387
1876248627
1377067748
204912458
418503502
1292987345
641114153
417784931
1259275674
1363862922
528981719
1800771553
1882839066
1453859799
1754983506
2144707976
374831884
1233517280
1023554828
540934777
186637995
314485555
309005069
389499482
1389386443
748767896
1174034005
499326199
1531434780
159354644
1995368596
2044521138
1280815177
1922237035
777338231
878920231
1280535618
2063901779
472352343
112256805
1456734468
327187298
628042897
49063772
2119758365
1666364167
905639200
558779260
1805642623
457949219
528847933
1423278396
1856405696
1864161664
675882504
2047649707
2120695653
2018760010
38462316
630779855
407261537
1232031409
1734043036
1804059504
1666056680
304479156
345824849
1860268618
1969998447
1050516130
2108760289
650989533
1094643550
497532479
606322075
898697190
1125957331
542590094
739487824
980705420
735185010
1064739969
242282018
1044271112
1767579529
