40 -1 2 1

1549006970
12988525
739128894
1521060507
625929875
406886164
318288486
527897656
1731036119
758223073
230972481
302919015
189209453
532452458
966400601
1374611705
1467176834
1862431079
1838831802
1839079247
2057052247
1718028243
742151708
1050637218
571327435
1564702534
538548204
520876882
1027034318
1413944285
1921499627
1244732122
521433980
239527184
492049953
434804649
977523810
597479538
1533566738
2036539359
955468281
687161637
801107698
2140892874
429908722
521296825
2047131815
405811050
1698359392
1212516372
879770385
1418426159
2001938118
1653176531
404344709
2138761995
797343422
1619600501
920174425
1597680999
821967842
1142780189
355298051
1376925876
1319259590
1529725658
