161 -1 2 7

697073526
1205987052
1158073192
142781752
740907315
1809475515
268191024
1777983638
793139559
1159311797
2096651631
44539794
1075803826
1942193468
1838079842
604932790
315474225
896178942
1615333675
1314921357
365458285
57884364
2029072690
113230768
2084273800
1118465072
1747150714
1054390279
1025807128
235570614
1725255117
247334267
1669459314
1926141825
215901447
525171191
295442773
1518589563
905701833
1094393408
1180212751
2046696695
976403627
427913784
1662942534
1279196962
2064200224
1667713255
1949915752
1506127483
1229145217
1781565950
1724546728
780402016
1203769136
1897498128
810582257
1757781631
1064397964
733776480
119294015
191055377
1587073729
190631007
1513733917
1894158908
2118466368
1966679768
84947877
996732434
1876712437
869106580
101670923
446231925
840011829
1024193966
1384907460
374770486
84252043
1856857487
1887001725
127303996
1457882072
1835825813
2023114194
1658793513
1078828733
1320590511
382381759
1342047759
120031512
72510127
1257151325
357835146
1405473265
238189658
30104250
637722245
1089891856
308221054
246401131
502060668
1550037825
1740843545
122747366
979219225
192460116
1950648604
708993109
1254342533
729296508
1079903147
1819200037
597370385
1873486445
741684304
1616811996
847773500
1049367069
141910972
1722672774
774608057
304610516
1453297569
1777724498
542187002
1542874603
467943602
1425460753
547737447
1280022075
577106485
283396296
289359294
1796873203
1554114986
1536208051
250923652
1800282550
84413019
253808080
2098790627
1003531279
559406396
1957356921
1066102110
1958232926
1499745099
2076093089
950541582
351049480
703268320
298303430
1825480383
967761506
874662957
1988925844
908610147
1841014571
878011163
1656133496
843829853
