36 -1 1 8

709987857
1971780618
1168642270
2093294411
977551646
1244520404
2137287138
1677772697
1713605090
1466694634
1461530872
1575301463
1341769582
383166539
1271902341
859439403
1211053063
954147069
1995252957
851046464
1750909426
559126735
2058855875
733018777
514607123
1198598666
913001149
715748255
977315735
207912409
232405413
1601246897
454388562
1305737136
1317486074
1316631228
954104767
1659214825
145705217
1777145344
960230288
427456520
902557844
1225004567
587064490
927554157
559583761
1020148271
1546283439
1037856063
1698971174
148846921
889492616
1101214471
1925799546
788847732
1237529639
462665336
1476851101
114333276
1793905428
1089510961
2045601303
109419704
1195259007
2107081940
1041697127
422269608
941341423
109474426
1832960835
1578068429
1162486025
931449693
1116085599
1189200933
1695915269
610290603
464622838
2132633909
1644628841
2103456034
1024490063
1633814220
1395676904
1690036984
841890486
425246760
1472806461
1067886075
138109358
2033481003
1430411323
1034939224
1901048306
1279851550
870280742
1782517684
1414178459
585068020
879893071
740040439
340292844
597342501
903835708
370671108
426385838
1308547906
986540653
118311858
1079785092
494999106
1967277915
1809367712
435731266
2011124361
249605264
949142775
892275801
1939672832
707854662
1527513386
952687963
874430931
653323454
1363862190
1620876716
749646747
1953596667
1991301031
1876316113
486403556
24234210
779671654
927226111
217292240
980901725
880453445
1742643331
807359022
1136437828
1520517602
304695612
1216318327
727964128
1243217813
390183887
1110566146
1797560847
1316997874
1885685580
2064920563
467227766
920221616
1196895585
1593867793
586673754
1056258467
1110972063
1748482630
638895023
935906497
1972612461
218720842
1548132600
1919067397
1743062480
1302922963
762656521
1277863836
1817994456
25848440
1402330662
727092228
1664415346
882921251
1618579416
1600814154
1284087227
657615310
1917318477
339771988
2063860549
1371889852
985155771
1238378056
2028123057
1868456392
1574910794
693462707
1644606381
1543028725
1216549689
295933536
357604810
1684823353
15336862
1908290153
394170583
1235344045
419787147
1414752993
278557057
739608795
1940838379
1755575593
1044012291
1330487571
1200248131
1733345268
657861882
868992987
1242026978
1583515560
1714250991
1556891882
1401261244
1748629205
95645476
1026157665
1574894248
1325010628
181211504
132370638
243502802
15230811
1462424508
780106310
1915196906
545021222
1535722761
790775684
2139302685
1252178293
2001879672
417952210
508432508
1921036207
763785228
175284369
623982470
407224564
1815007595
697285838
795124971
2092871985
2066487143
436552216
961064108
1224504353
2116512196
1785636536
1480434380
457497484
504604723
210533096
1852254176
753819977
698608190
898390777
2047270321
619366554
973914579
197467894
1384185226
1698171697
886037056
1566219751
537711122
1862858503
1135416914
249207060
608006988
603903198
775015540
1469501871
80690567
1565179750
1219150251
123985247
1468782513
1199346121
609156612
1583325539
1927939552
1172577303
429290040
1092279595
1098852890
1005122920
1653065831
515462631
180909901
138132721
1015601324
1679299671
509947122
1107803053
2132783778
666108890
539122810
1286571228
1803645599
1999214050
1267140329
378593621
1834572095
381238887
571757195
1682930837
370339720
2094871070
621330027
353577014
1407530733
1365631993
1971866315
2026267587
416811876
1176968204
423154514
1609186688
776497884
1401171197
2134732465
1431298251
1987815348
185840680
1475772284
101287126
1806632043
1755855193
533977172
2003235297
267142289
70533405
939994028
185269267
186870200
371568215
1775037610
92896220
1031015936
1705484549
1500236939
1172994859
1343322798
348384445
1759543724
1218755543
1401720811
917793932
421531159
1579721220
1294537805
1695042579
164564628
1574893132
913325223
1167801509
423867885
1601303110
2070940118
2084424832
550938107
229300778
368384099
1722872748
1484971734
1541650862
1898499333
2070550303
623702959
2074664192
1544290658
1653243056
804334877
1008783349
1068218858
445902211
899983851
1445925078
487874395
123213361
57873039
490239633
1106499577
607323512
2007334218
299063502
227495205
2094772678
268308664
2076302775
160109446
386527368
911698372
204241797
438829713
1799845825
1081905082
984096276
1707529645
1078087098
67600384
919753219
253554337
1704183807
441059362
1545825275
261932229
1510057347
1964935087
229171590
1553780377
2037844145
1231919824
652106009
2007816995
1231847524
849103740
1071913020
1002010510
1266291275
196772571
641122667
167535945
1938184377
13485894
1957598451
887984648
874812868
1653430440
1099862544
1853427485
1115605224
137957054
1338320342
959541378
1527926283
1661833864
213513438
2025081104
283241023
456330960
837681388
2011562955
1320872646
699951882
1148025780
199942279
732485566
1286953423
1185076102
746200586
1084138174
1134438102
1191176484
104280822
218166254
1828113280
847011336
1485841820
626285273
602556796
709896907
951728720
692722422
1512142525
1203054366
757614938
1128375311
464438164
1709425150
1723353923
745308254
1879312906
1300113501
902294045
1551052950
112305804
1729321257
2103066488
1228977799
1822133312
551520714
2142166297
185645064
224721405
819188509
632694239
529306927
1545992149
835662332
1747354078
2017206376
237803307
748494591
793855642
1806922723
1630977531
1021019052
1992935883
1686457995
1037715545
1453020955
1649079923
636154076
797372024
103572727
615989011
241320885
17568856
339388960
1902713173
1383886339
618231723
464938572
876703124
544797944
15732439
1857341943
1282952056
577869279
1750970341
1680486872
1492894087
1412486441
614971647
1646249647
804194280
144732337
465481280
1422476090
1168179461
1828942557
1195168317
1307715804
1562517216
890010975
1328845833
1333775361
1725991339
685872221
2129158126
276941318
1504143857
12498126
1407327669
1964248096
287474343
740377818
1884990037
1196677094
601302093
1426370785
556268303
677251437
799680963
1260057859
1364334036
573775692
507525494
1843514813
487904809
1284112589
946190047
1575393668
1457921766
924411838
1353319190
1134916048
2047735899
191633568
741549408
1546144537
2004256653
877517242
1609223672
1390529855
2115514850
113588090
1122916869
1279611254
833162038
972014486
1262471945
1724474823
1065713780
49921078
1227840412
251636551
2064352479
738441897
1982331404
1355359104
1210405872
1067171820
1819630482
924409374
2023507895
1355647525
1290424060
713414534
1803773502
1828563326
830163755
92477169
1559019552
661730968
2007357795
128431635
2139849572
1905291444
786285032
337521836
449194899
1317503238
1054369071
1785410738
1341240294
876392047
231361297
989623889
36693599
1583060263
