35 -1 2 8

1320089615
608977974
470956708
1063146372
1529926468
914781098
990862794
1471088098
1250340703
530264547
2096106461
54787569
614958665
1800327868
538803640
1377441554
1477925819
467245048
850912058
326305002
1048508235
1982122902
721314197
317767236
451249601
456417972
1305961784
773388109
1436517106
1193355124
1490801932
1139108613
1722289035
1759802375
336444927
893664971
1559240152
1800915478
1331312136
2109025389
223864064
674728673
2113269926
1803163836
395699771
1192593285
1930541704
2116653338
1084668047
892642643
434254950
1055524045
1996398268
908969433
633574839
526787868
18159300
2010759725
1339973941
984160792
800161308
727252692
1107589152
107513861
1389655935
508596394
40527868
396865906
357945159
1102350492
2026066310
239761436
352122568
2147402721
1534141037
218877379
1077967526
138864477
973994328
21578249
1058936676
2113349142
476992545
488944518
96864294
29476170
1135877714
395165536
472994681
1355480195
305497910
1010466705
96468165
1550390987
1499816074
476684831
43900851
494596230
2068329949
1803580623
1885553124
951196926
269323097
1423622300
284417325
1558271566
2090709336
1398974840
352633818
2116363394
1286777286
975822375
834929925
1867031059
1840482896
1654802159
1129833018
1446412800
1263480314
965430621
940956234
569157747
2014478781
232134414
992973060
2004178911
2112150238
910768727
1606601401
297537833
1849656544
2103221005
52752284
288331929
561529514
1090201504
1380385734
830830962
627550348
2021463371
500819593
67970
1599204927
231988543
1013223145
443241228
1951868117
9399664
1932768316
685784478
1506360433
1731572229
785136679
1789457388
2140031494
411714361
1440941266
1822458140
1629896038
140772758
1951539242
1591057900
1169378914
60467083
494579092
200482148
1977360484
876913978
1072053605
1655427670
259307106
619887461
1308662827
1339001580
916773893
575139134
1307274275
449125567
1462468876
1279931209
1702512224
1512368671
904967469
116699882
1517803503
768305144
1836342514
41500693
279803821
2010358127
596009360
595497987
1252346980
26160047
1875716888
1148687808
85182414
2029649368
1326166034
2040737531
837032865
1544479344
1077441856
247606664
1714182834
958592568
1861733152
1569203727
1033766520
1797122639
187501362
898810551
777345761
1776253080
1142762500
1248388738
169709007
166224914
1416480551
595466960
1567329033
1056967142
595507897
713139988
1364556404
1927776126
485751215
127463230
471074331
1664308031
264894487
1970022628
1616982096
1705564587
1504378274
750508656
1217284168
962195092
1607036100
1725556675
398611701
1897832934
670910966
2019342225
636675234
1652802923
1094750830
877317868
1804975667
2119550681
1397743210
261658758
127030312
1029244404
964806025
1231803215
110318579
1315570634
419093823
1813807206
628928230
593236316
868565287
1300158520
1643292398
816219943
393231025
792587712
1016541268
517865479
1783439164
479039374
338766880
176298881
1043989756
1895836854
147652564
806014851
1396988223
1549063324
721762094
1854979864
19102815
917800066
663297812
584611117
549578249
793554230
1877071269
1931533601
1653394761
1542529935
660779421
918814449
662865525
1010954043
1118658615
1213043629
1158687695
2007335580
1971254676
44787672
245912660
1755450831
1182980414
1584636837
691275802
2044293450
1750027131
1536531377
990831240
1998813704
1840761104
920204373
1856662549
1050559123
1592093464
774674696
2023264811
1314996984
1225926181
699074110
126598213
803395407
1964164706
1129399415
1796816285
1568312131
1387170449
1944934358
809403630
1014692848
1529291311
34236692
672509133
713839777
1729873496
74444769
979907265
70181431
839098068
225433686
1952734941
2140182809
542451201
793615275
712946924
820832590
1988931018
1440291441
141031191
1559980524
1072193715
290981099
977643764
240792655
1071941921
1654068084
363550509
1470574434
1807929485
1540071065
1042513240
1882061361
1773656929
1208235543
450341121
681406663
423872034
417100108
1255236143
1685841910
40321270
1000282957
1981841698
1431228750
743209048
1961976320
1938756583
2021383424
668875998
1738325778
809560806
1867972938
1450014313
666874584
604973259
1180670918
903955647
179386510
2128235173
238038843
644258847
1130412446
1183702651
1623286111
1551987548
1322148840
440135848
621601719
1017371054
2092060920
451284290
943619137
1175915439
786104112
137076589
215050427
1805443689
212415907
1199002477
767605344
1541042727
1676271085
813014471
1467508805
1272394866
526845283
1645566090
123697135
1117048201
652181735
1774276482
1283053609
1479441835
570497796
874065306
900686416
717346028
1407627563
1729549591
230790459
351844061
1381734024
1691200013
1359296504
2091338887
1357082900
1679912289
1853242293
1275675225
767402496
1426799147
825599161
1223675087
1799051167
1163128105
16253941
1408207637
1761487810
231271200
842623874
127725257
1799745415
117279326
1459383273
1449883112
582942264
101479989
1502462877
1308440666
1834806405
1870537783
1868813020
1042188549
1084359278
197510720
1073906357
121356768
2106049006
1147934080
1130026352
418799229
1276934377
1655135527
161165063
919308808
649639778
256095907
871319996
1018183834
115630588
1359001024
1936156551
722206033
452467456
231727345
1503941118
1766935133
420438575
2057801860
1055201957
1672501489
363090927
1843908390
1426466709
834262496
1182285437
236513983
1828302198
1313799103
15347970
2084163739
529149222
491794145
207516467
558616143
2123680719
119875536
1167502788
1593907429
1605169858
1682484339
1681826843
1660367740
1630174461
1066186112
1481592683
199425502
989434086
779197950
732113692
1943413265
1330954620
737324555
1453150220
599269718
434981839
309804518
1732525352
1570911591
559205018
1133643655
1002255791
1512191559
873694135
229446309
2015071832
1184227151
1763476801
1089527106
1096966887
315264283
790284606
176355244
1135201959
618670118
1785124869
1139219099
198647412
963572702
1219865099
1918343732
2030978279
889962419
1914586303
1439871039
1983774571
686647392
1806853239
490943786
112655625
1363742919
442722016
1540330903
1848826059
2096941694
522269910
253028786
2017612382
661389711
1923243180
1792652067
647234156
1035989307
73754053
414874999
400624426
567551596
1401367465
1160316780
276480761
29874258
665630719
1631054335
1271258565
1185971075
457677845
1839164521
1330350698
587664991
7960906
1197540586
604734118
814088793
1165995046
1317509899
932504937
2095431563
2125474751
618186047
203937933
532848633
225175959
482565166
1078746552
1314859009
1439060428
571226220
1608447070
2146836287
782957011
817752353
1551644051
766453737
1672023512
1086083840
343383065
1550527614
882876578
2042866505
1606188576
1046668106
2086309019
555349165
155872491
165675722
485616901
236664026
1226805210
392603227
431517110
1744625748
783110727
998980126
1963440601
1155479521
325967793
1072520719
66644438
1380159889
1820467132
1868307234
2118044382
1517803010
1975881386
1353399247
997428173
441493987
232220143
997788033
306870012
1819395238
1745927987
1038265105
1751504489
409816207
1538667286
830558529
1040742260
982175563
938813172
1876400224
2142400720
189731372
1608730004
1760010452
1074390943
632166285
1655192897
1942720916
2023011025
238896150
1299775422
172189659
525189830
1732305917
255005877
1873809599
1226221937
676780915
990378739
1826463126
543804074
2108911976
725963214
317950651
1193360026
1877023736
234336414
400900229
952968514
2044097485
705258224
70660587
1882589549
134210643
663924159
648619969
1228015356
526168179
1345953176
1101363529
1408473496
1917891477
1047750819
1823737431
317822577
730172634
1088595844
1936039027
674971632
1603221080
671191906
301610174
496699586
79860597
1902253017
839903172
1376480689
88464602
1746911742
257235825
214220750
617930354
160519092
533833977
1537139855
1390165284
1493096087
1630512878
1958659318
1037868761
696991569
1430447329
1710616916
1902632857
510275822
698357859
845140865
1427968177
715236949
64978027
2087246960
792433880
804977310
963855885
1515621151
1568574400
1487583971
347570489
1137642444
1901847714
1684955895
75520821
1853930512
1006798987
1946829928
1359335343
1715787251
1091464285
2093579821
1353142778
1975254829
2081486264
1326210042
1568024136
1403515649
887154
1105599818
799997296
1971022312
940490799
982644141
1972524965
903057332
