125 -1 2 5

470616370
1316026843
1169636299
1961320765
1290597485
405337195
208957920
347727835
245805333
1991244552
2085023150
326231021
673371606
1395322450
466060008
832644647
1948660386
1375322926
106079850
1318669031
762856196
1672861917
1920943590
1459500833
645053790
713698693
1700171017
899678964
126012658
1934961615
728924199
1329071305
912131653
1093650606
376148968
722075521
1403097213
970147990
661379696
1036905154
746278006
467844554
313699016
1782597077
1632964759
917990796
2005467173
1120929715
1270125198
1924058358
503739910
844559403
34161632
2125037041
2128270645
1509344019
307016295
830942624
988913478
1878694089
1353212552
1966723616
2005710914
1133744651
570463731
558041386
1744803433
1476068597
1475962994
905917076
458923350
1134072199
98793984
59353770
977980268
1390109551
1851152345
1930348952
1877420166
68718769
797374679
1230930137
2117008342
1671356416
1216224661
857229977
61663858
629872228
27944884
1603039719
2044277967
116793771
1388495461
1202175648
1446893623
1645052992
945326553
111096685
246135093
1126547876
572996583
359628307
209536077
1952795377
973250979
1312156783
674767733
776370018
1416848282
2105488345
225115763
1758051647
861739146
576078786
722150177
595460814
1283486807
1692430888
2033796166
569095175
966998321
1802534263
1757395326
568253063
2033810781
59229333
973708021
886780950
2052083643
811305053
1160418279
1315531620
482724235
386076884
274071433
1272812683
138623073
848538146
39438983
2111443218
769303989
2031041480
286035962
1229644190
569718002
764962161
1124946392
1923011537
69292016
20238108
142859096
161421546
83283013
2142519342
1922450537
1283186164
1549095389
1895771110
1069907635
2123613503
733613905
1906972462
2021717939
470283158
1462500077
682614478
580004070
910438226
898371033
1692488250
115184588
242393767
818466859
217271965
1869905622
1360614257
147747157
980834658
901043742
389462765
1522101639
254357109
1871314215
897520381
1184601597
1557775500
1811121658
2060662231
1573968075
1425851286
1058182329
823307029
1325217733
1160425052
961914151
1304165558
1516821314
1919611820
1736643899
1426364919
335395586
1620799635
2101578228
1347978879
173098858
873923775
1980828822
821930374
2140288970
41972423
1783094666
886023424
1109954804
1744822778
983752974
295723195
1603272436
193078824
227758153
1429422759
536889895
1896808002
1876316768
137131604
1062139186
114912555
788374617
1319639056
507391737
126217981
64812995
625483692
488564076
1832832241
271327676
835243482
1732070181
1951606064
293008302
471173336
411618987
547876502
109989945
1089765790
1916827542
996826442
1871245930
652098996
1168903482
1149633032
1510068574
228768666
1532569701
110309268
1132123070
34371820
1972990305
591454520
891154997
1830733483
630401844
1777349612
1453931861
1430294503
1989290795
1834340786
43513772
26035980
1928620823
1592753991
1906115173
997181314
717284906
1059972244
1003195825
521480016
232453077
1881942477
183079431
890662659
1795632058
1685935171
1017338698
1438460421
1451207082
1727773196
1092654971
271111139
43794982
1390917477
180109840
719182139
1209765478
1796084533
1040994937
538115971
1919829613
705318202
1979824294
1526753935
376819724
744743154
489110566
754305574
549763590
987926847
317281207
291261670
1851194630
1937104926
669892587
364836279
1168702177
1410223751
776250406
658032855
365703337
528122911
778805150
112434380
1297275894
2134178495
1873813147
907807168
1583191075
144838053
1483638800
821470472
1005185590
1484865232
1202277996
832288105
431653295
1901681474
1406508667
1841894698
856114309
387127037
1256924310
209081874
474378067
575187188
1275408497
161725624
1153733275
1677568121
2020485000
623891803
2001454135
1783825653
2123840717
1478624921
1433686379
1520232865
2097989746
1562840566
48118386
1751882973
1956435946
514181476
35166018
983303713
1075528571
2071470034
451542051
74648649
567290928
381078260
338400155
1910331128
1969428394
974922148
460775958
1335060320
913217036
1818000500
847071473
1908688042
505791913
1385549718
402066002
712210192
1264634955
1024766733
894825836
1775923457
1607436264
1023917392
962382981
1121921494
371980114
1037831344
1943065395
1676663427
93534351
169929265
116609342
1911002085
97076467
1414024154
439712576
1171502862
1933645745
274966701
1763844664
612479637
240966556
1173945799
305304769
632647407
2015920765
1223516043
520000044
1881104449
740233801
1603313581
345375578
2015738080
1694179911
1002741239
1326405532
825284000
69898831
497207373
1515532448
967941922
1477536330
1650529648
580747330
1002142661
1153918424
1549422906
812562498
6282472
1598675326
1154639443
762612686
1082978201
1206676366
1860374638
1474170245
1953622403
1260556740
1863494831
260027206
1985112563
870614555
1495034216
1905953754
512837661
1919829053
734792521
322811146
1534171902
176957867
1307442374
906961939
1305158799
816550521
68901509
1660243608
730562641
1247257076
1434805355
1329365655
427812606
1326256728
259306240
1941408224
146618898
