180 0 1 4

197112191
2039456568
284919452
845373255
1507621635
599613105
709173976
1078466443
1813318299
980878926
872295765
786866359
1631175740
946654724
27271758
2120442973
940900886
2004932677
2087351108
574065925
669487878
278295618
1139648617
497632827
574565971
1298322250
710960987
1457360867
1363535349
1955321154
596135588
350230778
1126289628
1227951114
215939213
956116265
1393027573
455897731
19641969
814461498
1587685250
1526669262
796912024
242731771
1611544300
1008982067
396937160
1722930859
68197391
1503869419
1700338379
23720192
1675496606
1337583678
1090225538
645308475
1918521715
887159663
2095233258
542932064
1937770858
2011492081
590935840
1532428844
814500399
1469569236
680994365
1418205573
1916369018
1557754473
1257962971
313232687
1299105404
1074584680
881028006
793956618
732966190
1830329729
233505869
1439873136
461441665
1112594236
2020401844
745171089
55698784
391276286
269622199
796568343
893824340
1791527773
1871954708
1754370877
1078255927
1822332290
1111844080
1802655344
1458992893
1004367460
189651102
1552464676
1552626319
935787736
391808434
506217476
608875204
280616326
1371299596
1924208390
36517550
1306525915
1472355609
633069594
1435501034
397746424
753214233
1856358223
189527903
1099930702
1940918236
1794537236
1519569384
676683295
465304496
58528064
1110011041
478196665
1751429808
522902374
1852562858
1844494780
705537880
863543156
1077111154
1200325355
1514460932
1265425348
1075057429
1659053230
797583779
1250545581
2046969516
1590998305
1913918897
373823886
1728817740
836175538
959360947
2120940146
1048229862
62006011
1490733597
2093517325
1195660378
1062398569
1990258996
335846554
1794487277
1315175071
1428048686
1255421716
178975112
839891978
1675149616
1555172980
154701609
83691209
1664909199
1899269306
859498935
1816655984
186033182
302417870
1612140603
1069212984
605976905
142769138
5939487
1273517423
922331622
1858439791
1739589521
679150168
1336922865
1417188651
626047917
830454214
1992899157
1986806078
417055195
385481835
1875802488
497426830
1683174713
2093594089
1122535006
487215824
1831376400
1247116283
808519833
146174229
528141784
341570313
586960424
581241320
1542512114
1863334468
1226137077
108513342
1826736146
691620675
1038606947
1558709476
1160297826
1244321455
240256492
768291497
225946899
270349592
1947815229
1702511029
132877478
1368538030
1194577299
349064234
1111811028
1290883911
1957327330
889768531
1039644408
691148779
1315717188
95574967
745196612
1405450249
1123908713
1054726823
1875471760
221558082
2141403527
1156829067
1982147341
1167277533
2085064946
508269605
877187893
803699443
657279872
333231424
1144303408
670164939
2026204828
2041404735
773428599
563787227
337010052
652772957
340825135
1630199192
886031362
364399236
206158803
1135362523
757647074
321524757
526894455
35961440
1241042436
1792815047
785678162
984918610
1837540554
710193966
2121033523
1656145873
154135307
1117532009
1574046480
1428594152
893740102
1291693070
572727822
591912049
1670704853
647261058
760171430
649619187
2080933700
1366367809
1196994226
1058729697
222700375
1981371547
1028304073
381854416
1441847127
604994901
209004717
1215785985
60206405
1220934445
1321518234
1321837084
1917181444
674247157
1720184736
640167472
1731558878
1870032679
1697009492
17150734
2105903306
1794232381
818648814
1464896030
437824999
395549309
1685490426
147907470
250168712
1682220114
1328214169
2057193996
1961761709
1849136454
1989226355
2031442838
941265920
303282090
331991750
1859576406
1209639786
980473877
1839932817
698792977
1110937316
1618852978
1758370360
279310748
631901949
1912984216
579727531
1510624492
1594754317
280736419
186600976
1533312128
1764635896
1405287311
1543195110
1462200362
1432394834
1563622698
1112472834
1671941046
596568457
933443443
2054618251
223725962
758596271
2051555392
1850731870
861122558
881972834
20391826
2108082772
1046807189
1032816232
1452502936
389451417
214737351
487973903
135496060
1814429481
636985880
1091304370
765808624
309218717
139420768
547382337
1123253151
478683835
735525978
2129057117
2527749
870864591
1990216232
132769126
531235459
542345261
771508341
839340093
99076300
738927741
1783680785
447488934
999795825
2131309130
1649770086
1207656304
1946522542
281457352
1299290052
1164598006
1296151397
1454383363
14878119
10017583
1023131650
1384688253
2095658706
805815915
510660404
1067322940
288341588
1521972531
1275028821
144953984
298111130
1013989055
72386421
1264297670
1444287740
1760621405
1233493956
703334437
1082031263
345107716
247318356
1938582782
2084199888
1092536556
1515851436
396613154
1636417796
986425103
1328336470
401710199
1838004764
552070858
479820112
347752889
1492398583
1983795305
2033571944
205541368
1826415160
2112931891
1116506132
1666168057
947966857
104085876
1158417134
294814346
980918477
726065420
1340316208
824878395
962154545
1982594804
1805281656
567955140
1355502031
1231340437
421613678
1339097405
2145840436
722696360
81386311
1921158084
1780164452
73928770
895695056
101895747
1631295033
167473809
840407399
1018065844
802110523
1883876453
294111894
614646542
223380079
1289903531
1228863965
15793107
2085916495
141138758
283905900
1592968911
609482046
352078627
1017596174
2030392640
991234178
524901444
1203625794
828949600
1969857205
777058958
1571207160
1180010826
246800485
840345243
317305093
1664815854
248350527
2014068473
1378662648
1898912173
18899789
1576338411
1843410095
1252639462
1415915302
453605088
234397728
1215246466
642599281
1495886263
57195066
299180227
190557263
69848636
400934341
1327451647
91934773
332121885
668423233
1568422679
1052061641
34800078
665232939
186121590
1373219902
1415854927
475278837
919537389
1372830938
386914136
828883361
2036609249
1599332793
1417988362
1524715329
2113990474
1390649413
639161512
2063201085
691888301
392282560
131758619
1440890315
