61 -1 1 7

149022693
662620128
1163987807
1887842806
1186843889
1955245459
8673566
732059056
1561906455
1170869616
1592155471
1599913942
905856551
1051442070
301135682
1278682256
1845618760
1896364038
808126115
2137409858
1497251747
1244514351
173078935
1665764188
559390065
1526198470
101475875
39550783
1989485364
1874977168
1343222503
769131586
143160649
433877380
2096943163
939572368
2140127276
8358604
56126764
2077142990
1043620300
1900341261
1607287628
558276826
636075653
1145922797
1615891506
1948211944
2085058564
529645446
1715226729
1340368188
975151892
409071266
1427468960
1200233567
358561200
545315889
2034095976
612421539
662436827
1665330159
1958067150
2128191902
667694823
1861612210
166755559
1579541170
69544413
1324250339
1503377537
1981568156
1268478029
346606424
146611118
371265903
577464831
742650919
1245741273
838185745
18812113
2080799559
1549565500
1793940884
1864131520
1405878622
181596436
1266379454
1549044530
806813660
930400432
430430085
1592402139
68073088
1816795860
2007008927
487810372
545828057
1596754604
1047743331
695536551
160509219
767431173
1799856915
1773383867
327354443
1495087964
1105657540
620194386
1066184951
1814903133
1822746845
945350876
1786343641
230418107
359532552
1742937458
2139326143
489787052
949973694
779341023
51252992
479585214
1740152970
297957803
214601007
683667694
2028162660
2106886613
514947359
1838935220
952645160
2007277185
602741591
785246880
986227746
287039050
242452670
