246 1 1 2

1787797906
244483628
1966782867
1156320300
2099759887
1769067926
613229626
1652373070
1489107732
1606308787
1410340475
1997851070
701029653
901344058
1403785813
1173227040
979179049
1047423504
1754414857
1792734715
1802709672
790291766
34334691
1098856446
743001534
660328140
1922758164
1682896868
1186361938
206339550
874301627
1318226340
1373153034
882270234
431197791
1396265122
1719052355
150500383
774478569
1833594309
551738085
19389383
1637410063
285204051
2024652947
195290191
1060394163
1508258846
1116283655
216412218
916208826
1477764343
1411181471
1324560035
1458158668
986343934
1937796470
1072030609
46287443
1965865520
797709482
355760957
1510165938
1002375579
315307094
759843867
1480924205
761204565
1176463654
549744552
1711955080
1267361804
667950435
1454782969
1889135506
1231707105
829228814
179345808
1475035737
136439764
933341181
670687603
57043082
1129657855
1624811784
1504334841
100299244
225594104
1032249551
1274337732
1515638567
1330154911
661386553
159878607
1507519864
775501297
2004549096
30299565
611410132
2042760864
2136144340
898829870
289768713
319799422
686766580
2008383488
724748661
1100793457
1192982737
1574647560
169466896
666002139
1666216558
1104910557
285192772
1713181510
1419636055
697656462
1317911682
599605243
1481188975
424996706
682539375
752034681
853418803
1926370053
1175124315
29870669
448764991
2048664136
1947498824
441512104
348265065
1800735654
1155465218
1932419316
1293638066
1393945791
172367839
1189987632
370383912
349268206
1444517738
189689218
1687769790
1323627023
1311308048
794539967
137223372
88296406
1663306514
1158010579
1251910302
170329775
1830009393
1809498952
1449012988
1694754952
1077139085
2051088045
492034278
546529643
2080890262
1126002993
2008204479
854798908
1368957759
886598714
1530545880
1394948075
951077906
822074646
917179203
1727527851
975808134
1196057921
422605223
2145907816
897070597
1904103778
528103729
24663825
1952024910
156386234
906149665
410124635
302837916
182265659
1414914003
1399684231
1050463111
1738081496
133811779
1100701519
680326595
131262971
1250002606
1327506561
1243636096
1414623345
1099305589
1719932404
1429645471
1027253561
92774589
828844197
69690312
166434317
149637082
99987469
2112111380
2000257252
