42 -1 3 8

1833119043
2115612664
822232931
1674917288
2046056168
574311853
959944166
572139287
589001987
1620738615
1910609999
1271539160
1921295551
2059507477
711696383
1224565225
1438420856
1964903276
1613087098
1230457137
1364497057
145738858
594381402
719086399
1892721875
1930899529
540096546
961204239
114668160
274646611
848534119
145332346
445586933
1408343068
203308539
1795496537
1870449269
1681778341
847913297
1964117885
940589195
1425657462
455899832
24202841
1396694368
2141893303
1539360068
253975337
27827924
1109699488
455582023
1766845018
24281059
381210415
1402268183
675545960
795701510
1778371029
52175041
612112849
742054474
513976531
481508016
1393262698
1984786175
1972463131
1104353258
822609937
1155301321
691131619
1509760223
684628464
880230396
886751023
1155645421
53653991
37514423
1393243384
27245882
680542526
455560901
475848856
1461166257
3925542
1827552121
1163233784
1912187893
144349434
2092099224
1366502680
1266212930
1119389017
1262699482
151516482
299982616
1849809674
1860859062
682347051
947890982
312473756
279618502
1828174657
734179800
1194679199
979011336
1455807808
1073968386
653992791
511916790
1033486140
1334557097
1501419649
43890219
953435429
160224120
1455887236
420118960
404513367
50220657
373479285
520521983
1305124000
261224895
97252489
961865484
1032862623
967072110
582144762
1626893198
1284684206
74603179
1169087670
2032629696
1224212182
754243281
908657921
2133551652
1560662396
1745602965
758906033
545130705
236278819
877763042
1442129202
1210081721
165343409
1606508279
786596345
330344865
1408532977
1379764686
1397392762
739834191
861959077
15895896
1554509232
1293593505
1019797074
1508235709
131908446
290555914
69554128
1336819284
1333202434
1092309294
1234990914
1375064205
127614264
1630663107
1660697898
1410143248
1486359794
1306930143
1444435838
1197615057
251829228
258384271
861980778
1393219166
79402772
