117 -1 2 7

1960874637
282844933
1199706896
727001573
740186199
250316794
1360926325
2107779642
1779105263
1361640600
1378311493
241481421
1202125432
1802042196
1980093100
1502397792
1650985764
363591099
1933684776
1646117614
33962271
1501979331
624501382
1442104444
1879465573
2135534236
2126980479
1619257653
1309307251
1135096546
2075850395
646614411
381585081
795034082
1959446159
1723863767
2035229474
1568082779
389872738
584141707
1248664051
851541189
620492052
202145776
226365271
1224145883
1842658498
1618434137
517004155
446941320
434120296
1903811046
1112134940
407693236
1551219832
1779227454
1708374067
1711360868
1713854206
976578518
1043151647
1212861150
1255181941
379411796
476337073
481529182
1159807650
1945272307
1481097216
1684467980
822175129
1906991344
126968921
1023150845
688912003
346065810
904648629
1691106370
336084874
1159359192
590990658
819618683
2073697260
240788611
1379606618
1282815798
1189195755
1146875954
182410442
677569141
1701850768
903514234
1601866596
407364701
1745301683
1048673376
2113611096
2115695685
1133685299
2051736106
1099373425
557901856
1173087277
409852635
846775420
915955850
228703249
567899452
1835215222
2146783318
886020015
408795166
1434741939
1565138143
1909564670
330915355
1939303445
1544979854
637165486
183246145
1455976533
1893140419
976552468
1935910301
2057601919
628474376
1117764812
770418728
470371875
1713032131
1806172607
2019710393
1141797377
1740587028
1507283063
1362879995
1973283387
752126177
30183510
46289015
1268710131
99666956
249370283
1359532280
342399334
2121138829
276162875
496444203
1653052047
1123247335
1695435749
723260979
253181318
187961008
1800743054
1195182594
1398043587
73704657
151326018
1023302270
133662737
1120901396
819397486
670774007
911032247
1563176453
2140712967
522675184
63522951
1245864448
21283140
1959264011
1107906534
267602938
1310687960
1556107281
52498332
488027218
1025409419
1690688931
2001056825
433158554
77008009
898619730
354045807
1477432715
457937684
73995178
2044840326
143265443
70710777
1964589527
241809028
2143442900
8436450
305400516
1335449640
579312217
2065924700
133724359
250521793
1944219507
318034957
988919867
532827031
1452881988
238036030
775696119
1535247881
1056199574
725630125
1912911320
1522873693
507722599
804579861
1817941049
1989452969
265976782
191973802
803460813
178044736
1337727081
239476738
1477764169
74057470
909320044
678800488
1722896057
1733696651
1959225174
868786770
265639425
631960660
521978810
447478378
849744545
710333912
660486780
78515095
205401306
212122365
1528063165
2078477530
942455024
2038695296
186568103
2128602348
3329836
656807726
808689860
1714995174
417108021
906302738
1332326709
397358245
1755289009
2009626433
2056511316
1849340990
2142391595
1354223663
186753706
2095117815
438732094
2058351762
89124122
901505119
1569850298
1975892534
888139585
1796978790
1083033770
1627162301
1330584926
212948068
1452725041
2046968795
202104611
1585118467
391624205
205134953
2104862453
1631810144
1170905267
1089541309
2142191378
789347489
1659640763
1789455662
612153457
1567171658
1035128413
964008439
1243560305
385684674
987732335
1115629651
53676761
675795978
1081084923
1806332032
1599416970
1263178304
733698700
262290782
397001364
278410379
136692776
2137536212
1231152365
1532332483
1817956349
1863371951
206087058
403319391
2001431257
1088326591
1540899843
883518842
450932064
1802396122
94043798
1516859999
327793205
1084330483
2127443377
1372135435
227140586
667673906
84303280
545180771
1469931116
1333179811
841303175
1456295005
1810562570
703190672
554695911
782793402
993392336
757713467
235689195
1071680347
1982923331
101402921
1542719787
1930848423
843047369
1041048685
1976946177
879405958
660136510
348143370
98966742
919837646
504544443
1077196106
860593554
863249347
1887264431
716085145
1054018242
88800667
966380673
746772922
429646015
86671090
1487857927
1717227434
914450605
1287286045
1174218802
1929379806
1281550431
462307399
711411615
1180407225
263196082
925792233
2145065199
2091130572
153939104
865617316
1701413164
1391383483
1590063667
77235199
2034827680
403606810
766569096
273162669
464161574
1330919862
1320813206
1993927446
1182748033
1855490417
1596992385
424880244
1271025873
421218941
591196054
455962092
1921604586
793600263
152261600
409799698
1830978051
2061084970
476491951
1131472068
970081697
698901161
1069084785
310025554
569075569
1829497265
1738917201
655882679
2079274161
1968873848
490380221
252685394
1740741957
69067444
631307026
443678444
1234605996
1434783949
877219594
375709732
631457143
1114136883
976912204
514601680
873275053
1458036225
339246373
365292234
1662088377
1497295287
225441585
262042384
1408080849
343813544
1305589167
729890522
498797526
152493284
2109195180
1758051621
1442150198
667012985
590124349
781070572
2049843087
1276686348
974545644
498856233
988185027
1921545208
317869342
760902482
