163 -1 2 8

1218173395
700137117
1802961932
450048716
1871152274
261764369
1256620105
828627274
1272429701
1624101592
1542590136
177032840
566119648
2070448821
2030955145
1671035955
1544199746
1024276984
1007011355
920683840
1723979934
547536221
1154125205
66743018
323850571
2051892095
2118617506
1114814321
1229954086
731698390
1271123484
1124684616
222742992
1798507753
1634953691
443072397
53133004
1037064059
937958913
315169369
717565623
1785091794
1372373147
45761359
952309787
1758309418
1128534953
1811799429
448939962
99329616
400532406
984780605
270435096
1065855242
1376041653
1913723369
1899803790
1922602590
502495205
2094740167
808316297
737451402
1267795379
1675429098
1238211736
1236563019
1072955148
1266214930
1498597597
206679799
491873682
1677956983
152461303
1274134234
1948880732
1647696234
261790006
979450598
756173693
642381307
873057606
1348044401
179398460
1555276745
1270647341
311406181
1207776962
2094663421
1167153317
222005662
2036144886
2126222334
2108026399
1829214351
311854500
1357872067
866433408
224574126
1411105059
1617362457
1178792196
234696413
1186361232
2020958315
1168737704
860358956
1555835285
522863398
1320970628
976804411
570286419
990223474
852934512
481383609
50356165
1908834320
758076840
1305175835
257835053
253210328
744091010
704876223
2098174583
1565715900
2036836105
625039818
461949929
1821001501
141059436
475993434
921324764
357787671
630226407
959314145
2120467499
1284405155
896157014
206334826
1412257895
1975305875
1696562916
1021003129
1174290161
1841020188
1055765923
116142152
1915747190
430544278
1764278026
131481356
1767154472
1806051214
831999518
675999100
1729011614
1430625210
403951604
1714102363
489922397
695991438
1019055403
716690785
1363835135
592472668
1608995128
1412422475
390080584
1169287368
11002006
2045235868
895737208
1639974945
66951896
1766898126
622926883
1840429876
787043315
1331314691
5965077
29178938
42658193
1011915255
1119383435
1001223303
196352234
852146361
1771375908
2105893062
1713273805
1757550502
1899329770
298431279
1212712689
476722669
1584881550
1762294432
1997877106
2037967060
1069481463
1247483321
520388344
181745364
99358428
1518229119
2010996449
1736815828
1532044768
93407752
737999258
843979327
1167026682
307915193
495744157
2016816175
1888384042
1318697751
2104619319
1930776460
1952135014
1599412287
509159311
435315214
830032637
656315503
2128476216
748097207
1928536015
1766255541
511662783
562325224
526715541
1752904531
1225471276
155412808
557680676
1202013170
775083387
1160013521
494585227
1264859864
1050685425
753138977
371874159
856179468
1684955537
1750656460
2146853946
1204012008
1079813273
1261010577
1210194414
246997516
1062154076
1173926713
2007301047
1089623090
1842336425
2057145476
574692691
1640553143
1041811053
629014566
1981184523
1725654569
1096601856
1444250593
406587159
2112546423
4460018
1565938335
1993589849
2010095221
2135646200
427795140
504048565
1860927270
849472626
182380290
31961679
1710326708
1443801069
1259171317
1402400884
2105915268
911720784
30979325
2140566541
1826199762
1726770196
546820016
129171046
955144131
666076897
595354736
1265183892
225271378
1433357802
157154324
1811834873
664775108
820928872
1052017176
859644301
665400871
754838464
811483264
1390656291
1332181867
1682535288
88971120
1397964760
1050122723
1062863903
1910172540
1848169741
372954717
125083450
43522437
198165579
2073469478
1698268081
1015845481
701156857
505051069
1902874735
1265990939
1073107600
1248730423
1151140454
620991853
318010235
1254749637
1853219759
1494906933
1730070203
366017760
976110655
2129971691
670078151
492949072
317348043
1591045821
1326565264
1632287931
1107412386
2076589727
1881763308
715696480
488561862
557534597
554740199
913420738
790902168
944583302
1578753516
1740251972
1936085804
1137773521
1329908469
972234847
951298329
1597240708
1338522830
247821400
1525835178
1980544443
375442116
344578971
1459989188
1580773030
1538188383
446205999
265114794
2138841298
1523109636
2142094905
1697393280
1738416723
280988105
431740539
1856956818
1415988330
1096892212
89732583
2030481796
1317231089
2124649291
1059422183
1910914108
349077065
1212508055
1981016325
352980392
2109342348
128885819
1266009839
205395366
1050120113
400448250
347559003
1249811208
471463208
1027351905
1592204668
13783852
629821153
892234569
1677054585
737088197
653915656
1536420316
2123188058
1668176810
1513596780
965330387
1152994105
995639467
62615621
2079890570
84396083
1121390215
1660942188
320992955
1249298803
1205439434
304254646
1808060260
354073984
1139462936
1251174632
478106262
1254892799
1547677031
399105870
1134894889
1821597125
356101612
1192813763
575182539
101873228
1872427338
538035473
399823158
1441820226
1733017548
405738596
1586259000
409867164
836094629
1989378557
1851656501
79067216
548396221
283865980
640685548
1020046848
1422524042
2045432496
1835726454
79660176
1343719514
1364901777
1177058322
9441019
1689912416
1405080030
580441863
682005257
1268119649
66309233
1466582546
281441846
1434121592
196621709
9587624
1835804143
550750716
739057638
1627382893
1540667046
1084290937
356536684
651489481
1943851143
1705606068
2113814340
696761917
1244579142
542061330
187689456
415429793
984785973
1545770423
613389966
1510594391
1169431427
1877572124
152613576
642867548
1201451696
1900449548
528184712
791741751
1312662883
931348224
1524274515
52096967
283240352
958614503
401579923
2130841330
1982023258
340070295
1624693126
1604582221
1283574059
2066860765
416121746
594974958
1874009172
288133115
622963222
767578330
2007488524
353750887
1236285136
1394748105
378823589
188587274
1497534546
1703602883
580634058
1189787618
2021786543
1715397125
1672232398
178546989
89230859
468333061
57708696
61603742
1555883805
375474513
1582102110
81433547
1852648247
1305177124
2025567123
1532468417
1825056340
1416541115
1043115920
989630591
924334015
1710288844
2061309019
639962529
1095010103
903122235
1382717624
101983779
1948623061
973579359
405935147
1286048009
2092670221
868551178
1274441649
832834213
940053911
929646757
1140742691
282182040
1441994570
2045086571
1314854528
1856313184
1296631009
1796598838
715683391
311613471
2070249138
2131059379
2137100716
2092152394
1548218005
1823557539
1950838288
1992681470
1048974944
657594314
1732780466
131606747
551517751
1354421740
1012178832
801784047
909038293
1793789188
647144831
155437339
1863238943
17167997
167497089
527044061
245363999
2024111409
430643026
402016772
1530643927
186353128
2117308794
625374888
1365811264
159305933
1471719089
1585264628
1546854870
670441848
847927739
1713733931
11009571
2044396089
534136768
358613091
1085653625
2023527967
1118868145
386832388
1688611528
2006604473
1665480623
358134419
1653081383
1652567056
1674871935
234916444
1060127416
2011978471
1505446044
36727010
1688623203
1082702641
1014283102
2071442375
303935445
756366612
2024304635
537100384
1859725525
313958631
223644667
717203233
575457942
1400776780
8007547
979715730
864982086
2035437196
154682852
1818686341
562191200
1399197109
1269623694
1102065928
1579654788
369437129
2052969463
1416514309
1208299888
588167364
1164112389
1438345861
1000234106
1279933887
1541499692
78669763
1362762080
213791234
1477786863
1619094892
436427376
773045813
1043827041
1209367678
362360492
686439139
1244090981
244537596
1074108494
1699324784
1692178267
1168990470
2140465085
1638879024
135103172
1644747018
721836710
381196324
1164969159
1805468732
412086241
292257517
1482203431
850754516
82283085
1514460520
1358052294
754932405
1884328384
506217232
1833930998
975245976
222793771
1498828041
2066908520
938136370
3143026
1779823097
288011365
1381254849
413375532
270703871
1508860384
827606328
2029398244
1871429325
1410959418
764659400
549192545
939426734
955808570
1975322015
734875666
598090849
462373500
1565907123
217917160
410410547
1360149480
1060948209
980670082
457169319
821821530
514327489
876045478
67581046
616750037
524633263
39390148
110696651
1500166255
1799138223
1437550676
186872268
455144190
103437142
1993829965
1558519795
664839263
2058188669
1398612248
1355363143
757668380
264256918
1036751218
737649288
1649175220
342228460
1810690551
1773706451
26045371
1853170989
1017444161
1280397563
258601757
1034254928
434055092
1489116432
209339584
1542486475
1317492938
1274626517
1614024708
2033591835
1588087397
1230269992
1392630152
1241219374
1700408572
1766715000
916398828
865373422
183002659
11374085
700239887
386368922
539323083
946864060
1004809961
1834136266
1279841967
301964760
1087418101
1170041972
385632899
1092044214
88410860
443463837
406544947
1589917879
1246064178
1989614150
872136650
1910131326
383425341
504439724
452596806
1847201636
847307485
1058317033
1425592136
410193661
167560758
1497825645
695785219
752897929
1162914913
938641115
1790499840
1251524974
1579047680
2108189086
310511412
1857289779
1192868674
687369957
2122586666
146569825
1274686338
1759088645
1370703795
781322500
407723319
835638975
446790157
1568385458
603761957
434338958
2050612979
840527624
39031955
1394388865
1132406360
1145744757
1274056614
981206203
1959557819
274036518
1963514930
1037035461
274233894
1020356187
2067279934
750679181
1891350145
1321467386
1816450718
1632452433
664061286
914731223
1036335443
1955698388
1475085968
765006648
1956423832
1897241525
1670130888
773454678
1824354083
1240472049
128784401
1426860672
1372187542
1197009885
220774406
1921273312
2035539887
394055024
530428468
26767813
989116716
118373903
540972089
718944622
1138385712
1250853777
405759743
1906307809
80229795
1459768290
1713594710
325897990
270986507
2004557416
1874844001
1182752049
2092518206
1539746417
103473282
1424621757
438208278
987533316
976599237
1732339126
1219153577
