164 -1 4 4

1826807096
21770643
2100138457
299591090
1203945671
1845231181
175257015
46849613
1962714324
1137701644
1372553601
404671760
2117560321
1093595623
1359278
1870040150
860375173
1341486939
1437989554
53680831
1289069157
368927892
916059652
1942601957
870066513
1734832570
211267223
34692336
1931115620
374430586
1679823080
656756939
1664072020
1102204993
1612539106
1860631172
1357734436
1332426038
433430552
616746617
9426708
784216608
177268007
106160105
2098431207
710849263
1516832413
1422778582
1957888640
1432257235
1273374726
1532471549
194818985
1507409704
1977180998
1447988955
1119391782
1780643447
706652756
1877366081
1228161550
671042473
1951473904
527729141
788654807
119467021
1910375350
1364242030
330419380
1635801085
569292196
1007453526
2076681963
1022345621
90951880
896684281
486542922
1568954889
1043744526
1186996975
1136557602
1956402229
1994462736
537945917
646076956
450106942
235458242
1130429431
457841029
911790112
161204346
1146888163
1239687062
187923238
1599962439
1079195270
1709165732
1183975669
801929452
488920780
1240975695
1754068510
2019644320
1600124620
631243395
2008106255
1238588073
1731121359
920438065
2036053212
717730464
638708254
1403575949
606946470
1766065734
2043284685
842118094
960540939
1833609230
536284194
2015602714
1464475027
1229923249
604448169
1724636028
1752527659
230855220
373338836
259807084
377889692
641199394
1105348746
1511244773
631371365
1457102365
142437395
1401400884
57918157
1798042327
201352677
454115759
1109649869
1286661462
1797878945
1318476507
1617033406
1155462269
522599831
1885854038
1822035438
958841848
1946196558
1331640701
1959247038
1367530582
1326529951
592015951
1156843839
1987969175
813683105
1512777865
8020617
1352575451
1850582732
1815406965
29680016
1769100895
1782719140
1069086987
1269619397
1444142290
820466919
1511139350
484275191
2079531193
220651786
1532083096
1253699223
974962708
2138288602
1679736848
1581049316
1561612742
1116476799
80945082
119295918
1108098650
159353156
1734104655
373437945
574151148
1271491448
2061685274
1580852681
2102811735
106644932
323836718
667480029
1915743871
1781801396
931538035
292382971
436025336
1688104862
1159180188
329789476
1213789962
635257672
530355958
781986676
2092950862
1326564991
578700215
1705729113
665573138
1890775375
1446544169
485939257
470786801
848145851
980059071
1399719923
209217013
1898262763
783279017
1168824862
1659316114
676862361
694453640
1799727713
1360233769
1062635042
2077265781
1566585535
2039675800
1802253706
1327144001
1593336734
172593291
75079001
731540949
1895509812
1245447835
1725465934
1790919687
902841223
1002557249
1306022294
275197966
695107269
2009987794
137802343
857753794
1414304221
1194372010
620939802
1371398640
1352700900
858889516
601832868
1648869745
2090025940
1434575364
240719793
1936243119
1666523388
2113191274
1729933609
930227959
1716088377
1544922592
1579651784
2143602208
928370573
443067130
1476894225
1063749281
1113137162
963745454
776766729
1766491254
1425845608
2133120275
133394985
392137895
1132855069
1471364658
573820662
271363989
445896855
1414266644
1754764688
2006178335
1689122367
219883423
2035860092
2031089974
2071464186
400733434
945786192
23537234
10691283
877870880
731461187
2029797755
1783396265
127424495
317390577
805705463
401983476
96428164
723741886
997417821
1751919960
2115357066
88280281
833489945
891875234
884224437
900047294
1020320828
2085238754
2091569821
1276011025
1720875026
149153965
16874926
1537594845
42022924
1475314910
1527598947
1867955774
682566385
406385039
886366656
1701783603
1660916059
65155386
1419785099
523331701
2112286816
47431661
256051248
1310698915
1174778619
1282803608
1456219695
269705066
1385959422
779085704
123147067
2114533653
557259342
1347911568
961126461
1667315428
463236518
1287173583
1756725120
757566726
1562068491
1330417261
2074913718
814466918
173762400
1234720971
479441523
433102340
1267197029
1238611083
2072377376
1598547995
985723717
1150227203
1624302377
494257908
656681495
1828408820
42175581
902894682
181244820
1859333716
1371008341
782233678
1213328438
165135952
1182895412
897272723
1849397520
719207910
1966771092
1144511269
2051556393
2106202595
146256013
1380529109
832582615
654274874
694225050
1616933145
1538628203
681637273
1360541296
1286839338
9788419
585372737
301356707
29710727
2136306061
38337912
601622300
627880650
244471734
1754559171
1955057986
122207600
183879574
1939882151
409169569
1951956568
1990288734
772388052
1412785242
1425840960
1059624746
263461896
746289416
1187208824
518729082
1072926834
1338661748
374602577
726746504
886751710
1950137429
5475413
690977713
239975932
297365047
1319946359
1341899632
1689041779
1317509975
1141447723
422802569
937493937
1121159333
229094776
2033184203
2007924343
223176719
1097301463
2088691811
2122398284
1265381165
104097796
1564946464
2028527783
1448524133
1292452476
1782294635
907388746
766650394
92465299
648339099
507128700
941744637
1598497303
1509882631
717910425
1463856387
1696024106
1592674637
1087198452
2088248532
209297098
791339831
450262327
2113813833
1011577737
1979557810
407636846
173602483
273912192
685862705
