160 -1 1 7

981500330
2050182024
2080498891
387764335
445150538
2110868992
1558583811
1524238657
1294752626
13136661
46670275
1963041049
940626476
468607794
955721684
1638178917
1139567935
712306910
1064096066
571573491
1372556143
570457247
575686167
2038110333
674287457
255387284
762552587
1867125194
2014049105
481649586
588877157
1325620368
1780006090
663747071
157979829
1908308481
1444568917
567392454
1036958417
874618972
1560519383
1252844597
1994207946
1200977751
44397187
645477176
636891210
490666490
1000597408
115767095
974276729
2047213709
1895450151
1235810847
686372665
1439380409
2136357185
1983351351
183148764
774269480
1659163661
1344377525
507263419
2024215282
3551780
1547198848
682072961
561937894
1732294359
369822259
442184189
228396415
1700951389
735934061
1826129557
723670524
1732207027
157862641
39828173
330204170
299588205
1569424890
925803773
1236557251
1202262321
1481449543
261544993
2133790613
1526051869
1446961314
768934104
1715913023
712907339
438614893
423610172
983070633
310113220
174078503
88317312
1450540992
1626936754
2019788355
664267590
603913194
922895425
830644208
1092036231
479264051
667127970
614888168
854343347
2116159016
329742279
181708727
4911312
348211705
746240043
1078071005
1897128215
704125531
1769651009
622229720
714612812
1972357443
1340323440
1121796750
1716163770
552296184
1442254326
635327216
1686467089
1608539852
650350716
1259144217
654813425
1979616008
1499967991
678647161
30095436
1662169422
322515622
616677390
1054239259
1988451173
845089992
78621032
32748537
1564419780
1660920164
113772826
1391432203
1712463548
438856843
1263521645
47129914
242923278
880300877
360054159
1322670820
1004078789
729209948
1570273270
1910651376
1641819213
959347834
258018633
1863472697
2118439939
698504149
1146326846
289060200
1387148357
940902852
505002780
389831249
1132401584
831801061
632133050
1385176996
25789367
811103135
1999085771
61023504
1970838917
809988691
1195521339
1342946069
1580877328
439244018
2041613212
649301898
1734423167
1835309655
878112347
1635877649
426481475
2096513361
286582822
2128311795
1158737173
348267663
118512730
1943447167
1761267430
1856065730
1919159063
276583915
74362675
1695768937
869305695
49531657
1798686553
1982848705
1157167894
2134588757
2055993211
1029054045
2114014200
869333489
261134138
761805637
622588431
1480265114
1739472020
493934375
860054342
1396432286
1030540400
1100547261
1592842864
10176590
1663895087
419523201
1082938019
1324081012
2016945764
1330000995
1983119779
5961103
699497295
1573653557
1948549178
850824314
1503922394
2121475346
640307472
51257642
1653060704
1076222571
464772045
1822037607
887065647
1621560525
1425512103
394625705
1046525333
198245233
194730315
2316961
2137592119
1083835408
1846720241
1189959587
974569963
1959306697
673468523
2062895430
1893037288
1845180781
1352334587
1111981732
878949998
1219465383
1080783527
1370681410
1023229317
1716014108
126554532
410843617
176991872
1572075422
73608556
1017873998
1494901488
1706150617
1426492841
567970589
1237173999
1072794538
751589090
1318924318
825958532
1206803069
300208367
1908769758
1944771167
1945617100
1306160536
1215087184
1641188548
1129722318
1923574940
64177099
1136537477
2127809805
523341101
208664593
1943802809
1508068127
1990030687
1726800665
29137915
1791801370
1651485512
273941413
1059981538
983574131
1921201542
854455584
107177326
109006974
978919944
1991652998
1409902862
1998679454
1039968209
54714809
1843913141
1922487720
1564811585
1444564765
571668409
745106826
1236347202
439297887
1610123283
1135064926
596377792
1271330712
677450471
1795363623
1190714321
1067860802
770194872
853753431
39439472
1631826856
2072914558
437200066
274012133
1035377153
1064164570
1903974234
1306116473
1598429063
944178261
893765729
672930425
1628568001
55132194
1834820193
1430875679
479231210
631788615
1794797169
2138953013
231914929
825065653
1331804881
1972984059
1801570287
1339578702
909689886
1530807143
1712512128
74444551
1060623847
1041745744
1689559662
40221488
193462586
1215026634
1910657540
1580413006
496913881
467659826
1559295087
440797471
1675477564
127100608
688502195
640571635
621579734
1514728633
16679534
1256802281
410724479
1506591690
1079501846
2043841448
1347360131
1428096299
1586376232
361928638
1275413407
562997450
243005567
2079855174
726083393
910813241
1770674009
1302917731
1826326767
1356146472
1467248492
358903034
313094542
1986161493
1343766393
1838584964
330425293
19825265
67896542
1313913692
1418006811
1302147988
2025966685
734140793
1653316457
1502785078
