8 -1 1 6

493493955
1446719671
14238804
1737304659
1719402283
1436343457
557532393
652818365
1674957550
605888147
2101229440
1117763173
1622515032
1922040388
1068915840
1736873744
1706659045
1306302318
1224418878
859589797
1734488590
477618230
1874563488
1888447433
2080189797
1168932813
487532907
1365613152
1995558580
1361733976
1470338168
1316901101
2119272449
1960597579
1853733083
1295286782
557097189
677080794
1823569805
1406998508
836663768
1072232952
1130930309
613691440
642907936
1285937345
1978742418
176266280
1179222319
683135009
192294377
1252904668
95199395
621396588
410349053
239580798
361098982
1190518184
1566862890
1418924392
195296554
1590510531
1760844130
1505186108
1884318373
841328947
130985677
460093641
807285083
1516890601
1283353012
1665227049
1882448076
915515677
1650207491
1644192703
2016224708
525644957
88195247
246721501
1376186813
1469138179
1517717783
1997582044
1042838944
801052567
660839423
1263188483
588774269
1534362024
354538915
667830736
1524582632
1496351510
1534014757
2089895185
1739641226
1093242517
2076992891
182778690
1690496415
373276182
777477356
646043341
902478068
1841801654
1604860930
1057100692
879814124
809004561
5062547
82189484
1904420595
166763947
827929666
1192047318
1640946508
1377593806
1254536808
75149037
1572334310
1886968057
2068276820
371541468
1182059852
1912268684
1899998343
126026972
1327200898
823430926
1333549924
1612509882
1607653980
1048583260
1501926571
263141017
711414987
1462143966
646590089
77989886
698455569
1891653264
1812214022
1961285945
240756128
1078547869
1605542643
2046756712
1013566391
1891064912
1486165922
1777093281
512822913
1920786730
1991096932
966032245
1425547418
567650043
1060350421
1022846066
1435643930
825953392
2128951605
2062606457
1795079317
1895549651
1713666208
2125159703
1277625196
1225468103
493669294
886666212
1269304171
576017735
462153415
685979403
1086916188
1710828191
1671379356
1633122192
359859541
1015935604
308852718
1002436631
763519831
1313885467
1072416276
1684097388
607586335
784971219
355006185
1848000676
280147837
1057529707
1450049943
1598267455
1387760599
1640830430
371262556
2045757777
1267817582
48497934
726642802
147227928
1741202582
536589191
1799061913
708666230
497275751
1143606734
598229417
459162176
573767761
1630353242
1928379948
844316815
1876435289
1838740226
1358226254
1321764943
1800504129
